7 8 10
4258 39576 16286 97801 46292 95552 90978 13325 64612 12598 39329 51187 14846 97720 8643 62131 55163 72431 89327 70821 58524 42364 70151 42959 2512 96596 96149 10298 65284 14250 71081 85894 70179 87367 83695 16471 82920 91026 29796 63884 3624 85477 15071 34823 99550 40066 13306 54713 28849 2633 25534 87373 61349 12037 30332 80213 24986 42834 90511 6622 73436 61592 92516 43615 65312 76211 76439 64584 83589 6235 28468 87214 8065 43539 38389 7615 99957 68047 78680 28806 70680 4214 16179 48381 32604 46512 28595 73942 5698 35458 80564 79134 97051 89432 39102 62363 81995 15541 26947 65585 38128 71767 69151 46193 15306 23892 70160 31615 91939 48840 60421 78971 69407 92952 27352 18363 55816 72299 92305 61514 7758 89221 40649 21161 78653 79751 99876 77000 11644 43175 42585 -1
42 88
78 15
42 78
5 46
19 20
45 24
92 62
31 88
17 45
82 63
-99 47
82 62
10 46
63 91
8 10
31 32
70 68
87 11
-85 97
71 98
95 80
74 17
26 27
48 77
-37 85
20 24
12 17
6 40
45 64
37 -76
82 99
32 69
73 14
16 55
-74 6
60 92
-1 -1
