11 8 3
32256 49744 60669 91216 96209 99271 29344 80072 76477 98715 14402 99575 12401 37747 84964 87738 35821 7007 75043 49064 44361 54665 24681 92997 89679 75327 18518 27770 59937 35463 52122 8545 1559 12791 16114 97768 28415 45458 94192 21244 44173 8595 20819 72926 46342 5784 77017 98515 29143 68412 47579 73505 23077 72260 82854 29108 63940 17724 73230 40229 53187 25353 65126 54746 54496 81240 68866 99263 43051 63059 20507 87224 71654 57679 76503 34348 79815 53520 49215 8958 21932 96794 98815 61361 85407 81669 90469 65699 15746 80052 22280 68933 5405 87406 23680 76253 68647 92546 75517 11698 -1
5 40
111 121
111 121
126 140
-73 7
80 109
81 82
61 67
69 88
-66 8
66 91
-1 -1
