1 20 25
67201 10143 95168 58055 24492 22106 5027 10457 57858 57427 57660 10144 68235 77597 46800 30169 74362 78626 15288 6402 1228 12133 24799 34656 32488 93242 45716 78651 8863 21250 26634 92417 31393 38154 66824 55885 76612 71851 82694 34470 45631 56706 60967 30218 50656 7767 76739 25018 86394 92027 47772 87622 4160 88923 22278 53001 82165 84346 31652 7380 5596 74638 99797 53341 12792 82973 9227 89404 54825 91921 40227 456 48628 1194 30674 99284 25313 7413 40654 11707 99440 88426 15681 19953 77349 37959 72954 75866 38657 4606 99598 44253 95596 15748 97595 8388 98721 23174 14144 53546 31447 70723 54002 96427 88269 1028 95711 13583 8441 52717 25290 24234 57495 40972 44187 34844 95283 17141 27062 33941 38099 26661 94546 33695 42409 8493 58435 41130 31667 88931 11029 63115 59655 81383 59542 47924 82412 71606 61507 7205 40675 3150 47791 98171 44122 8330 49367 55757 25471 76430 6050 79922 19443 16949 29969 61852 25442 88404 19334 73462 77336 46715 52929 36991 28099 28823 1267 26863 429 62775 50420 41105 65925 98212 55628 26399 6542 4995 98508 48366 81425 4559 44640 -1
868 879
-302 40
702 716
925 951
298 308
717 741
315 324
156 191
99 101
650 689
387 410
433 439
-559 40
139 156
305 306
-664 24
-150 39
-609 10
600 613
431 461
183 203
-234 2
493 484
601 603
143 170
755 760
619 638
339 338
998 991
374 390
-43 30
786 817
184 180
918 933
-230 31
309 324
860 873
179 180
308 331
-179 18
797 798
-761 15
-574 13
537 571
383 411
437 468
424 443
183 215
426 435
670 682
-330 33
547 566
895 932
664 694
463 500
396 424
211 246
-849 -853
662 655
-883 15
850 869
912 921
320 312
140 154
823 859
705 740
489 503
578 573
138 148
270 293
181 192
165 169
323 357
792 799
776 784
-951 -959
901 902
417 453
73 89
506 543
89 98
847 869
-804 5
246 285
681 684
421 443
420 428
244 267
669 681
820 822
-371 -373
235 249
-399 7
557 567
931 929
220 226
376 393
529 546
388 389
-513 17
464 458
289 295
831 827
628 630
958 982
128 163
989 1016
949 949
632 665
-414 18
675 707
987 1001
210 241
5 40
297 312
186 180
764 797
738 747
74 107
629 653
324 331
535 547
325 352
643 663
158 179
607 629
564 572
539 565
883 879
781 794
996 1005
16 8
280 298
332 351
878 904
220 220
293 312
367 390
160 168
890 915
644 677
207 223
533 542
518 553
112 142
339 370
914 919
384 383
-921 9
-214 2
924 960
869 895
347 361
838 856
861 874
181 216
119 123
998 1009
960 954
405 421
69 74
487 516
156 183
576 605
523 525
244 245
575 606
677 705
124 149
367 384
266 299
754 791
255 286
345 351
971 985
513 532
416 449
519 539
34 30
720 752
129 144
120 155
820 842
5 19
474 475
207 245
781 809
309 320
734 756
-664 35
483 485
929 939
443 483
338 344
759 772
652 672
872 905
160 165
-226 5
452 485
6 17
251 260
680 712
267 263
15 51
752 765
514 517
184 222
612 608
181 208
944 959
105 136
-516 38
628 627
44 68
301 310
567 559
618 633
490 492
477 478
416 430
-618 26
650 687
979 984
834 869
211 248
0 -9
366 402
508 514
426 444
817 835
331 364
-44 30
312 350
609 644
482 518
110 141
685 699
93 115
513 512
-824 -830
32 36
148 156
540 580
885 887
380 414
263 270
880 908
-576 3
667 694
587 584
973 995
243 274
625 660
381 418
143 173
49 67
-96 26
310 328
707 746
382 416
884 921
535 527
491 531
678 687
23 60
820 848
989 1015
275 290
733 763
501 529
889 907
585 599
868 870
793 804
670 703
212 252
102 117
361 382
133 144
-494 31
585 620
652 686
912 933
248 271
64 90
783 813
954 947
720 746
918 947
28 56
594 601
559 582
45 49
37 36
-110 34
573 566
291 312
907 923
-292 14
794 790
625 629
-925 35
132 133
17 57
289 316
356 377
-1 -1
