11 32 45
34906 4871 44396 15314 52460 9099 37692 54269 91411 52529 26796 39967 58279 30494 4369 23430 63806 44990 42604 8597 40778 72885 10484 84337 36460 4777 8980 87952 60058 57426 14942 94965 62298 59338 26631 31110 84790 80676 1732 92553 33205 28528 32520 7837 75374 36889 31267 39180 98231 73871 64129 39010 63109 74614 23347 15921 79391 48679 3874 55801 22458 35168 67118 1108 10859 93750 32218 95649 74426 33950 88202 23983 78830 37074 31820 54205 90315 79439 9737 88546 69663 73867 27556 32772 64833 67255 48693 60576 15935 68919 32729 54745 4088 99848 55853 14947 9950 88071 26948 728 38374 31502 41063 33556 68576 89236 4113 58891 68675 13851 47437 38338 4070 91346 87462 68903 58601 52508 45831 90888 21427 78560 45633 41867 94760 1486 73166 4710 5910 114 21790 60636 47968 62854 94192 16544 52090 98306 91787 20765 28509 55577 75456 32579 46923 62918 17834 5524 15426 80017 96413 36854 58577 42046 95073 53338 59885 68240 74400 82147 84706 96191 42783 32675 59045 53327 49219 27487 51633 57359 48252 96494 12936 40060 45425 59859 2979 79611 81735 18405 59628 78148 71611 18206 36547 83037 87896 12784 51277 62296 -1
931 971
658 692
723 745
873 865
367 383
-539 9
223 219
641 652
708 746
682 683
769 766
940 944
706 731
551 584
-78 19
116 108
529 531
875 912
512 533
636 676
632 635
217 239
429 454
281 282
885 890
476 484
313 347
347 381
178 213
926 950
668 667
748 755
-988 11
526 533
824 823
768 778
686 697
315 354
292 295
-758 18
547 582
628 663
849 880
814 827
759 763
438 447
504 544
19 31
318 343
849 885
846 875
449 476
239 274
774 775
758 772
-239 -242
200 224
35 46
661 676
601 615
329 366
-835 3
351 369
796 818
-197 33
37 30
404 404
280 314
345 339
566 582
267 286
163 172
812 830
411 407
270 307
729 734
73 95
578 583
517 545
972 989
823 841
39 44
131 137
934 931
-721 32
420 430
642 635
634 663
573 575
201 220
304 305
624 629
-877 21
-826 8
784 822
880 902
717 741
626 663
146 153
482 494
779 816
212 225
643 651
307 309
875 890
817 834
671 711
265 283
98 100
480 509
287 319
768 771
320 318
634 628
-172 40
582 610
448 469
495 512
973 988
300 316
743 769
-572 18
-892 38
-674 34
396 420
233 267
775 790
333 360
727 745
717 745
363 360
-252 22
151 163
97 127
455 485
404 441
267 273
-107 11
938 969
767 768
428 449
293 308
467 493
853 893
742 758
922 961
577 581
783 807
95 105
445 454
410 427
248 266
251 267
682 709
505 541
545 558
78 91
788 809
86 94
-756 29
912 919
769 807
766 795
787 803
766 788
959 977
-510 13
232 252
37 41
841 835
701 715
629 650
-612 1
304 309
810 836
954 955
157 170
904 921
298 303
253 262
622 661
406 397
128 132
157 197
179 192
886 920
974 1008
82 96
801 803
914 952
934 939
-367 40
746 748
742 734
830 853
192 195
705 736
146 145
525 543
964 974
60 84
12 20
385 402
842 862
387 398
561 595
399 403
686 711
476 480
723 722
49 64
362 395
640 643
590 604
524 556
225 231
805 843
398 419
-553 5
136 166
793 824
-352 17
917 924
570 587
896 921
-655 14
422 458
55 62
448 473
913 943
752 757
838 849
-289 30
542 567
693 720
268 297
701 739
109 138
214 223
277 297
836 868
996 994
624 625
89 120
906 942
57 68
536 576
914 929
-942 24
494 497
613 653
71 70
-464 11
856 890
364 375
898 915
-821 2
760 780
374 393
343 339
207 210
-976 9
476 483
659 698
945 940
965 975
11 15
463 503
712 728
403 442
681 699
22 26
916 950
27 45
618 641
322 362
777 814
-209 20
-129 29
942 937
266 281
861 892
619 648
503 501
784 813
241 273
933 938
696 692
693 697
716 744
848 871
872 900
684 701
773 813
522 550
6 7
450 443
523 549
-910 39
903 907
517 528
548 579
-880 1
536 528
-353 32
414 438
107 134
624 663
434 468
167 207
267 264
530 530
140 141
575 584
540 574
478 514
826 838
538 555
709 722
900 903
696 724
-974 34
261 266
37 73
-714 33
156 172
762 780
471 467
234 255
977 1013
90 116
794 831
785 815
248 276
336 348
289 325
2 0
-773 33
463 471
543 553
-349 18
374 380
808 826
460 473
790 801
230 239
309 339
135 164
217 251
162 194
136 158
220 245
-417 8
789 802
823 846
64 68
200 217
467 505
927 952
91 123
107 127
957 976
906 926
154 191
251 273
660 652
930 962
950 981
351 362
216 250
-921 11
792 820
498 507
157 152
127 146
872 876
160 199
796 829
897 914
428 445
493 529
980 971
206 221
106 144
35 30
168 174
136 158
792 787
-128 24
828 832
779 818
217 247
835 838
671 694
672 682
243 257
627 651
-50 -57
855 873
867 904
165 170
743 744
710 744
-63 39
820 835
374 413
322 314
378 402
678 682
224 235
706 725
971 1007
77 100
423 459
-746 17
450 468
736 765
526 562
-892 40
660 658
47 83
-389 30
-842 8
-123 3
316 323
782 783
990 992
592 621
925 960
-810 33
914 938
447 486
892 916
914 922
383 417
403 443
-957 -961
-578 29
651 661
776 810
101 109
99 120
456 480
219 239
409 441
159 190
950 943
111 130
-698 24
506 517
578 597
644 647
319 326
-612 26
486 488
276 310
-897 9
771 774
715 707
-449 20
172 177
687 723
481 502
-970 30
387 418
260 286
770 791
431 435
125 150
239 269
988 979
505 512
-880 24
342 334
298 318
178 183
502 509
995 989
215 220
620 631
681 692
295 314
170 187
508 510
690 710
80 104
956 978
975 987
168 185
172 187
651 647
562 567
723 754
144 147
611 622
661 665
795 802
593 611
941 960
432 438
175 177
457 484
-445 24
-815 6
398 416
824 840
404 410
711 736
910 948
413 441
412 442
268 299
437 448
43 47
603 639
970 1004
549 581
438 443
220 258
251 243
869 901
737 740
873 894
373 400
4 31
-296 28
905 919
367 366
64 103
590 591
548 573
543 580
246 258
718 730
899 917
-482 -486
757 774
785 819
811 849
942 964
396 420
138 151
938 961
364 376
338 377
847 858
329 355
-952 17
685 708
672 676
192 192
343 372
341 344
355 369
-869 28
604 637
430 450
482 492
465 487
972 1008
866 897
761 770
704 714
508 525
121 156
281 276
228 267
935 945
685 692
383 401
798 838
765 790
235 262
939 956
-65 31
990 995
253 282
479 474
870 865
545 563
-258 18
275 277
474 474
862 894
40 35
720 729
39 59
317 322
575 577
-177 32
827 835
545 575
700 722
764 769
814 826
524 536
567 588
440 450
246 263
27 56
239 259
-710 40
623 625
850 883
336 370
384 421
924 930
-841 31
467 497
257 265
823 837
44 56
617 647
0 17
662 690
672 672
78 99
428 431
-66 25
319 328
186 223
411 431
779 789
604 644
410 431
664 684
490 524
712 719
628 636
-915 9
821 857
957 952
872 902
649 659
224 254
577 616
47 56
117 125
690 726
964 967
977 1013
55 70
495 506
763 801
669 699
180 205
653 673
238 245
246 280
189 203
971 993
215 218
455 478
171 181
370 406
723 716
721 713
13 49
692 697
759 797
798 793
406 427
223 247
201 209
546 542
16 34
137 161
503 518
341 376
772 798
856 884
776 795
459 470
660 652
384 388
602 621
257 264
965 984
612 636
269 291
900 912
369 390
908 948
855 880
429 456
687 689
414 436
634 661
43 83
581 588
3 35
167 202
590 622
224 234
40 59
337 371
185 183
664 680
-664 30
652 674
760 770
588 613
11 41
404 438
620 622
832 859
514 507
21 39
873 895
178 175
-84 8
783 805
792 817
742 753
530 535
-604 28
57 75
-714 8
592 613
594 610
648 678
491 497
330 338
-317 6
672 682
620 630
95 108
984 1013
460 483
912 917
28 38
989 1015
-236 33
946 968
-223 13
46 78
114 124
65 87
648 673
284 296
507 508
748 756
272 284
444 461
289 298
822 855
-411 20
217 257
217 220
206 217
661 690
248 247
-7 4
748 749
764 779
999 1004
925 955
52 80
239 274
843 868
960 961
12 38
880 885
763 787
563 578
584 618
838 866
384 390
23 28
157 163
582 613
321 339
698 711
145 165
65 63
255 282
902 912
739 758
429 451
484 506
-22 14
75 89
119 156
80 107
548 543
148 173
833 853
-961 26
411 417
577 609
67 92
343 366
728 735
833 845
42 64
-796 5
491 492
568 581
61 92
506 515
906 929
988 1027
383 401
826 823
812 837
22 41
954 984
-543 -551
925 950
192 208
659 675
663 668
255 255
83 109
411 412
709 704
261 276
-992 23
737 777
-543 7
105 124
794 828
243 260
879 913
326 328
154 193
485 480
-335 13
215 233
668 682
60 94
-705 34
967 987
342 363
520 560
637 676
286 309
-884 29
100 104
-227 40
699 701
681 687
942 935
751 745
239 274
851 861
700 711
175 197
295 325
80 97
374 407
629 667
170 187
110 138
765 779
650 671
561 591
676 712
413 415
42 73
494 520
487 494
233 251
397 394
202 223
788 802
504 514
989 1011
110 138
703 731
682 706
595 603
375 406
362 360
-691 32
39 46
639 671
99 125
560 582
649 680
33 49
604 627
60 53
191 208
458 462
777 777
-1 -1
