9 34 85
85245 1523 24025 94814 61234 70557 26851 77890 14895 40173 19069 8931 47794 7805 46461 2671 27570 7317 37182 38754 61194 83449 56388 43419 4741 21462 55258 16459 15487 49722 72197 17085 67597 96222 11899 28831 83132 55102 6722 98027 95275 25791 23310 43070 49948 86123 62093 93870 9792 15627 32624 70986 99076 5365 30758 3817 26827 86016 36628 58666 52090 25178 75751 19687 21400 87650 64871 20884 59105 71593 35263 54380 13736 58573 13802 80036 61048 92247 73907 70841 7874 6531 58179 23303 11896 88937 43472 55075 91305 80101 13742 43395 5279 89493 79435 43031 93496 44306 80268 52601 32251 15531 23333 45987 90457 53488 26023 51505 45735 16282 22346 53610 22814 80526 93265 51062 85815 36737 22490 77121 16838 36232 36868 38469 42077 16303 97853 35573 76961 78121 4526 9212 10004 27860 55199 461 81348 97575 51967 43435 30209 90665 97045 69375 87543 6662 20438 73359 43400 59280 66832 76590 95512 3700 15060 53941 20004 29265 89515 96965 23738 10393 22530 33742 38253 94081 34204 35953 91656 2523 79389 38218 93188 92786 7593 80732 99449 44383 70443 42849 3663 37275 19439 99175 40975 50851 53117 77331 96468 58984 90649 20206 69377 13179 53949 23983 7260 4505 59936 15269 7028 55677 53487 216 48464 77432 97300 64265 21816 67743 23466 25479 21370 42905 41007 78698 10109 10476 56029 6577 69460 63030 43136 55189 92561 97085 95524 16174 1590 55461 47795 24970 27490 17634 25186 92306 95066 38839 56571 16882 6582 80037 42362 27953 39295 83369 6651 65756 93845 79032 88685 79657 58415 31821 51198 50976 28906 46723 67150 46848 18536 31297 71818 46026 48931 13357 38333 43998 52196 11256 60880 75130 91294 19594 19435 46941 2963 42438 12697 13160 37823 1382 9169 96238 49556 60368 63566 78462 23443 30717 41663 41979 62014 29833 88005 27298 59542 42690 71296 28090 53947 32176 19573 61593 51771 39008 8534 71086 97799 37583 599 35622 55317 26120 31860 4873 2840 95426 99688 26283 42495 57703 68262 20862 3888 72620 48160 63431 15310 35808 7873 85609 67984 27446 47202 36107 66455 72088 23546 80606 9671 40497 16228 81341 66617 64440 86214 69458 59866 2254 95741 18714 59957 80356 55928 80198 52976 20440 43629 84638 56248 67854 70248 40584 95301 33802 93044 78108 5891 16590 58714 31914 73439 74942 29607 40056 55734 32174 25866 31952 34428 21608 50666 10738 18316 22946 90936 71292 43386 50917 72282 15986 18771 58882 56571 30424 92685 65967 8532 14928 98909 83598 63194 72348 74892 92802 28756 30626 41328 54623 62579 75756 92583 29597 2846 10899 52544 93782 98543 12282 61051 70825 44621 96175 46060 17544 26599 38745 83511 35132 70025 82420 35082 49571 54768 9975 42373 83524 40601 53 54499 19532 75810 47082 49130 95008 57981 18026 5143 72876 46660 66194 43702 91281 62369 6114 8825 88969 61211 92336 40453 31236 74756 75535 80807 45876 85510 39533 45753 42464 39586 252 61996 31748 47335 27478 26757 21668 45504 31900 94545 92165 14446 54599 83446 76816 -1
713 784
960 953
671 743
-50 19
1504 1558
1352 1410
907 963
803 854
1356 1404
359 433
1458 1526
1327 1391
678 734
868 928
11 77
1609 1683
1405 1467
-845 21
1266 1326
1873 1929
1184 1225
951 1004
15 63
371 444
1109 1154
-706 24
1887 1937
1100 1172
992 1040
279 341
331 383
810 881
823 877
228 279
1256 1301
172 231
252 297
-1847 27
453 524
1364 1432
1251 1324
1300 1371
1048 1114
1422 1492
1940 1939
1736 1800
605 660
1218 1266
1861 1916
756 800
1860 1935
1847 1899
940 999
274 270
-169 39
-285 15
941 1017
202 244
1491 1544
-1332 36
1212 1254
1464 1516
1399 1467
119 161
1842 1914
467 538
1858 1907
1480 1553
602 669
1781 1852
734 786
232 286
29 76
-855 26
460 502
1750 1796
74 115
486 562
580 634
1652 1695
1906 1963
5 64
1735 1799
1522 1573
361 413
132 180
-849 36
-1890 27
1996 2044
1105 1173
1524 1583
376 373
1150 1203
357 419
1955 2019
1284 1325
151 205
704 762
27 83
1862 1921
740 737
1008 1077
97 170
959 1030
-955 10
903 963
247 306
-1239 21
1758 1827
595 651
341 393
-712 12
363 414
1875 1925
235 299
-368 40
1609 1668
507 568
34 98
559 602
-691 10
806 849
4 46
1286 1350
909 964
1510 1569
330 397
820 867
261 313
743 738
1681 1738
1026 1086
1428 1471
1938 2013
1876 1928
566 628
874 927
835 829
629 684
1066 1139
179 241
1324 1397
315 381
585 585
1385 1441
1016 1013
520 579
1982 2054
1168 1218
473 520
1117 1179
1631 1699
1037 1084
1334 1397
1270 1317
1169 1162
-1956 25
880 954
1312 1389
1724 1773
459 505
955 1024
503 547
-921 34
1022 1093
572 623
1267 1328
1359 1416
1973 2035
710 776
1068 1144
362 436
1084 1141
1145 1216
1844 1905
1367 1444
622 698
1385 1431
758 832
996 1038
-1130 11
646 689
1899 1897
1420 1473
638 700
1658 1707
1733 1809
349 404
435 431
334 398
989 1049
1688 1757
-1381 13
1278 1353
236 298
1735 1796
512 505
1712 1761
85 145
1146 1191
920 990
143 136
412 482
1032 1104
658 712
-1924 28
42 87
1079 1078
1723 1766
-313 31
1392 1444
371 426
1771 1763
1852 1898
1050 1105
1739 1794
1285 1350
1828 1905
1548 1548
1153 1152
1174 1236
560 614
315 366
1785 1844
-206 20
838 893
491 538
949 994
1061 1132
399 454
1215 1285
1953 2002
870 940
702 763
160 236
1230 1301
571 613
-617 14
1086 1083
743 794
1745 1814
1467 1511
1651 1693
1269 1336
1909 1966
891 956
91 161
1546 1596
568 642
908 980
1848 1896
807 876
1662 1725
1799 1854
832 908
974 1046
1629 1679
245 315
308 372
480 534
1678 1673
1170 1225
1853 1896
250 301
996 1044
1714 1711
1918 1992
-1065 33
878 940
920 970
1244 1307
1925 1997
-1597 7
1899 1965
915 964
1266 1320
1624 1698
1563 1558
32 92
70 119
578 645
821 890
1507 1580
-1322 -1326
1876 1919
-1184 15
598 644
11 65
1307 1359
1671 1723
1558 1625
1089 1164
707 754
1445 1521
789 858
213 271
1351 1422
491 483
495 572
186 255
1866 1940
1727 1721
1942 1986
1785 1849
328 372
1916 1972
-1719 4
-862 13
750 801
59 113
1737 1784
-41 -44
501 567
419 468
-596 36
1893 1955
1375 1449
137 178
1361 1352
340 382
-1435 14
1870 1912
1740 1800
579 648
181 245
1206 1282
211 267
835 904
1999 2071
480 528
535 588
767 825
309 365
305 353
1221 1279
1900 1960
1338 1389
858 934
1703 1774
345 393
1975 2031
410 473
960 1024
1962 2031
-136 12
777 839
167 239
566 613
957 1007
1155 1201
1355 1347
792 783
300 373
1988 2055
1684 1754
1858 1920
-1745 -1750
-1173 10
364 424
1129 1123
1714 1778
971 1042
1668 1661
514 581
1002 1058
1212 1271
249 310
1828 1873
366 429
1478 1553
1641 1707
251 300
1711 1788
-1617 22
1467 1525
1623 1696
-1124 21
-508 5
1199 1259
1913 1959
870 934
250 296
1587 1651
1869 1934
157 228
1454 1504
242 318
-712 27
190 261
1637 1706
273 318
747 819
121 169
1808 1853
1025 1099
307 363
425 482
1927 1989
380 449
174 216
1968 2009
-1859 32
1245 1293
1427 1497
1797 1857
903 946
93 148
1505 1547
1919 1995
994 1036
518 578
43 94
2 79
84 83
1657 1718
63 136
804 854
1982 2048
339 399
254 322
830 826
692 757
1330 1395
805 860
1411 1488
434 487
797 793
167 215
621 689
888 930
1473 1525
1533 1579
1188 1232
245 308
1925 1980
665 739
844 896
1014 1062
1609 1652
1443 1512
524 601
789 849
89 137
1640 1707
83 146
1074 1123
927 1004
637 684
-192 38
271 343
-1821 36
1491 1534
1169 1238
1192 1265
79 134
1047 1119
1207 1249
1461 1511
179 230
1628 1690
725 799
1937 1992
1533 1609
1538 1589
1589 1652
423 479
533 591
936 984
1549 1615
428 494
1664 1724
1664 1724
-1926 35
1047 1090
1827 1883
1912 1955
1163 1206
1143 1202
1152 1211
333 333
1430 1498
970 1047
1667 1715
1549 1607
-1684 40
1846 1910
1981 2050
1933 1994
665 726
96 166
-913 25
898 944
420 469
558 556
-1765 9
1121 1167
1524 1585
63 61
1393 1450
1114 1172
1973 1973
-744 32
233 274
1619 1688
1589 1632
-1833 21
1662 1662
720 774
694 762
31 86
342 402
-1252 14
-1610 7
991 1068
1483 1541
1065 1125
-289 19
211 259
1785 1782
1376 1427
1183 1239
1587 1637
-306 8
1263 1323
761 835
350 349
958 1015
833 909
1096 1151
949 997
1340 1381
395 444
472 521
644 688
1360 1433
1195 1260
1128 1184
1584 1653
1686 1742
177 253
768 825
105 173
1665 1708
1728 1774
1594 1665
1520 1585
746 805
661 710
1882 1925
170 222
1793 1845
1142 1136
16 93
1780 1836
259 253
488 553
1680 1747
1669 1724
965 1039
940 986
1280 1327
733 803
443 489
1310 1367
14 78
413 469
1741 1807
116 177
514 511
1454 1495
1242 1309
123 164
313 357
1635 1709
1718 1777
1923 1993
1044 1112
1342 1400
1857 1924
-493 22
85 150
1574 1621
1339 1411
1945 2012
1303 1356
166 231
530 596
553 607
1062 1057
1610 1663
1486 1548
1739 1806
1990 2061
647 700
1398 1389
1187 1249
1582 1626
293 334
473 536
1239 1284
1467 1524
1818 1881
1144 1192
384 378
87 159
942 984
777 830
167 219
1312 1382
517 570
1485 1537
314 383
-251 12
896 937
1693 1762
1022 1081
552 550
1996 2056
423 493
16 89
358 424
892 964
959 1003
1966 2033
910 967
957 1018
-696 21
1237 1306
1494 1557
538 538
627 692
1964 2029
-22 22
806 880
103 164
1053 1103
878 947
1593 1670
76 134
1604 1599
-1139 15
969 1021
433 479
1697 1748
585 645
743 790
681 732
-668 -672
411 453
61 133
478 524
458 506
1188 1249
776 836
-406 31
-1853 22
571 612
-262 26
1890 1937
1191 1232
808 873
558 621
1317 1365
309 376
1703 1780
-1699 14
1697 1741
1167 1223
515 577
228 284
1331 1393
1034 1084
82 145
896 957
-318 30
834 898
269 262
1871 1946
519 587
1984 2051
96 148
1073 1067
1070 1113
327 376
136 192
1276 1333
-192 22
1400 1468
823 899
1828 1869
1887 1931
1607 1651
1958 2009
1591 1636
-1974 25
845 897
1642 1704
-1562 27
85 155
1359 1359
1824 1886
-876 33
833 888
1792 1846
-1955 18
416 475
528 522
652 712
342 413
776 844
1830 1873
1451 1504
1039 1031
1539 1585
999 1053
1386 1458
923 980
-1507 6
735 807
770 836
1248 1293
-1143 6
560 619
1328 1398
1725 1766
721 790
598 664
1834 1911
151 218
221 278
1424 1476
1505 1551
-1824 25
1755 1812
1282 1328
1370 1423
1741 1800
-1359 25
1250 1312
1778 1819
596 637
283 342
1488 1534
101 164
1411 1455
1559 1555
-497 10
-605 -611
1744 1800
1958 2009
974 1024
1634 1704
1812 1884
1734 1796
851 924
1462 1522
1814 1864
1123 1123
1098 1149
224 280
-1126 25
1997 2043
1847 1921
1774 1826
149 208
674 717
269 331
890 938
1648 1707
1414 1460
392 392
1613 1674
966 1033
1173 1222
237 230
1001 1078
452 515
96 165
1104 1164
-422 21
1963 2026
504 500
36 113
1957 2030
1735 1800
1324 1387
1162 1223
18 68
223 279
1110 1162
1618 1673
1804 1861
-155 19
176 242
-1933 23
-181 19
1500 1546
-941 -946
-452 38
1205 1257
479 547
479 528
1053 1106
1591 1651
-261 -267
1656 1728
1758 1833
1443 1517
1258 1331
1488 1551
-1926 28
1240 1302
94 142
1302 1370
1920 1991
217 259
1267 1340
1576 1653
283 330
1254 1309
1858 1935
1057 1123
1051 1118
1599 1674
689 760
184 175
1415 1481
1 46
1347 1346
368 409
421 485
1532 1523
-1374 18
1837 1910
355 352
-1276 9
998 1045
396 440
819 813
1700 1763
1576 1647
1833 1885
1858 1925
-598 25
594 661
-1240 20
-767 10
109 158
1981 2039
-1276 33
1950 2005
86 137
462 525
1934 1996
20 12
1626 1676
1373 1440
625 690
418 470
1023 1092
1992 2036
688 744
1044 1113
1955 2029
837 911
1009 1066
1557 1608
1908 1978
1410 1473
1704 1745
985 1047
1959 2016
1393 1440
1362 1417
1566 1628
854 897
1500 1556
1871 1917
1097 1152
1946 1992
174 242
943 985
1905 1962
682 740
1791 1833
423 499
935 995
1904 1946
58 113
1648 1712
1545 1540
1097 1174
1556 1620
1754 1831
-521 -522
165 234
122 122
211 287
-669 9
441 511
821 881
5 67
283 343
1866 1915
-111 12
511 583
1668 1733
240 299
962 1028
545 602
1213 1287
170 218
1027 1069
1667 1734
1905 1959
928 971
-1745 35
557 603
-1700 26
867 924
876 922
-1994 8
1347 1391
1152 1198
1694 1735
1409 1408
632 700
-186 6
74 120
1312 1372
995 1038
-127 -135
1249 1311
-727 4
1867 1912
809 866
348 414
845 895
1148 1210
595 665
761 754
1131 1179
1200 1277
1824 1816
-1202 38
1692 1758
1054 1108
940 1008
-371 19
1733 1809
910 969
580 656
780 835
1495 1492
1572 1642
970 966
153 202
1031 1096
251 296
422 494
383 452
1111 1154
620 674
1743 1796
1648 1643
636 679
693 738
979 1040
1687 1760
1284 1351
1379 1454
1946 2020
1120 1173
619 685
1341 1388
1889 1956
780 827
1570 1622
1964 2026
1457 1450
498 567
424 481
957 998
151 214
103 146
377 439
268 328
-1937 31
-715 -723
1628 1673
1100 1096
1790 1788
1801 1872
290 361
1706 1763
1285 1330
1899 1962
401 471
709 782
119 193
1715 1767
1541 1591
476 531
-713 37
1780 1832
597 672
347 401
1311 1374
896 963
712 758
1615 1660
1428 1504
1561 1629
1916 1975
717 714
173 172
1280 1271
410 478
1579 1628
285 351
917 962
1402 1447
1974 2039
471 519
1129 1177
1918 1916
1366 1427
926 995
1048 1039
1499 1543
-922 5
1671 1725
396 396
1997 2042
1465 1534
191 243
552 544
97 145
1656 1721
-748 22
457 502
1820 1867
158 227
1450 1501
1554 1602
1480 1553
-53 31
533 576
-413 23
1532 1580
1095 1158
78 127
3 63
1601 1670
919 966
1149 1218
209 254
313 366
712 763
1562 1608
52 120
1523 1585
1625 1694
1339 1416
-1437 10
-322 6
531 597
1697 1769
1363 1411
1431 1426
1927 1992
-1224 28
1579 1626
1427 1485
297 293
804 867
1851 1892
948 994
1415 1465
945 989
910 963
173 237
1293 1369
1894 1964
849 926
823 868
1276 1353
1222 1287
1162 1236
1611 1679
124 176
1057 1050
1744 1813
747 793
1515 1577
118 111
1239 1290
6 -2
942 992
1879 1934
1857 1918
1206 1247
1042 1087
371 419
461 454
1190 1259
184 258
-1368 -1369
1737 1733
833 833
-293 37
639 681
-244 5
1100 1151
1121 1189
1900 1974
909 982
1897 1970
1323 1395
1371 1414
1170 1236
-1964 12
1585 1656
1664 1741
-1677 33
-115 -119
1414 1458
1266 1341
1438 1487
1097 1158
1515 1580
622 665
858 919
464 517
1743 1816
-1051 24
663 727
1512 1507
478 543
543 585
-7 19
1589 1642
894 968
291 368
1082 1129
1927 1989
993 1059
1490 1543
10 79
778 855
1040 1110
333 399
1286 1359
266 317
144 189
1769 1841
-768 36
1975 2031
1771 1816
1161 1213
1405 1482
250 298
1300 1360
1066 1110
1663 1726
1997 2052
994 1057
65 141
589 647
1417 1409
1376 1435
44 118
901 943
717 782
730 791
70 147
-508 10
306 362
1777 1823
762 807
1417 1470
39 31
1154 1204
1477 1521
1971 2018
927 968
1225 1281
1415 1470
927 988
1855 1847
1004 1073
206 259
943 1011
1375 1444
1365 1438
98 148
1699 1744
450 507
1087 1131
424 479
1989 2046
755 823
-605 34
63 122
297 353
207 274
1892 1948
1121 1183
1189 1246
1502 1502
1314 1373
1615 1672
1046 1111
1161 1237
1060 1126
1904 1962
1452 1519
-1479 28
-971 7
4 49
1767 1811
1091 1165
476 539
294 355
498 498
1015 1080
1126 1171
1443 1500
1067 1130
305 346
-1385 18
762 829
1507 1563
1827 1889
1266 1262
-702 12
1686 1730
396 465
1754 1815
984 1046
-1405 33
682 675
55 126
829 889
666 725
1052 1112
-1500 17
709 752
553 597
1067 1112
-1386 27
1583 1574
1461 1525
898 974
1661 1726
294 354
1555 1620
1474 1548
267 308
977 1054
25 73
113 186
778 821
1495 1564
-1407 6
-1786 19
1131 1189
1431 1489
1252 1299
-1085 17
878 950
152 210
-308 40
4 80
1626 1697
1311 1383
513 580
290 362
905 961
884 925
1176 1252
-286 9
1405 1451
875 951
1196 1270
852 903
1659 1713
219 265
1900 1946
1033 1085
1624 1622
546 619
-1929 26
1061 1126
1995 2053
1484 1537
1211 1256
78 137
1005 1078
579 631
1607 1659
374 437
1483 1476
1589 1634
646 697
716 769
131 178
1176 1232
195 242
1646 1711
1727 1779
782 843
1199 1254
1325 1383
1777 1834
509 565
1445 1510
-701 22
1708 1770
1892 1937
1751 1801
567 630
-695 38
1510 1579
561 625
1870 1870
138 183
1045 1117
1969 2021
-1184 33
508 576
217 258
-775 23
1458 1451
-815 13
1939 1935
749 801
1687 1684
1676 1671
1722 1784
1018 1085
1910 1952
-490 -492
1480 1541
-191 9
1460 1527
664 730
1551 1603
855 925
860 901
623 670
1481 1538
904 976
587 649
325 375
-400 11
544 599
26 99
942 1003
213 255
1715 1784
345 412
45 120
-921 28
610 658
1736 1785
555 608
338 400
1081 1150
1441 1487
1244 1314
1584 1649
811 858
1844 1844
1032 1099
1756 1811
1125 1190
2 -2
907 983
-1240 22
846 914
1744 1821
578 649
164 236
1522 1563
10 70
1874 1943
508 568
653 653
290 339
-90 35
-1857 20
1335 1390
-626 23
-565 25
-449 -457
1980 2054
1891 1938
1569 1627
1000 1070
450 499
1779 1823
766 826
1230 1284
577 621
8 79
883 943
1599 1662
-1728 16
684 732
680 754
60 58
83 147
961 1029
1638 1682
93 87
1565 1642
898 958
-129 22
1447 1442
1871 1915
-169 31
1734 1778
750 815
660 652
1022 1093
961 1022
1035 1090
1558 1613
760 812
1164 1221
902 957
1497 1549
242 310
244 237
1775 1768
1874 1946
853 916
419 489
451 500
-881 39
750 798
1041 1087
1958 2005
1122 1179
392 468
1412 1489
1553 1604
84 156
433 502
1884 1928
699 776
118 171
-1881 21
132 173
1447 1500
1094 1087
-618 10
164 161
822 890
653 711
1224 1268
-1730 15
1271 1314
833 829
909 973
375 443
1545 1619
1966 2019
1087 1160
-1645 -1652
792 845
675 718
74 136
6 71
145 195
701 747
1185 1260
1655 1725
1923 1917
974 1028
-788 15
1300 1356
103 155
41 82
732 792
157 223
-14 28
428 487
562 636
273 327
902 977
1059 1115
1575 1641
1608 1674
262 316
1305 1362
1452 1519
238 314
760 807
1741 1809
1236 1303
199 263
213 284
685 678
-173 5
1724 1795
928 998
314 377
1617 1613
1011 1081
394 436
1875 1923
-1335 4
254 312
224 274
619 668
-1820 7
540 586
1963 2022
1369 1418
506 564
827 902
61 122
611 657
-269 -274
-1665 21
1868 1925
45 116
714 773
1986 2044
1973 2043
1197 1248
-1040 11
104 181
14 59
1654 1709
1697 1765
1169 1217
344 406
-375 4
574 637
1401 1473
758 830
1759 1807
1531 1599
-753 -753
969 1043
60 103
530 594
495 565
-561 20
119 186
1885 1958
182 237
1280 1324
1596 1655
1345 1414
1547 1622
1150 1196
-1998 15
1031 1085
372 414
224 293
-314 15
1413 1482
-54 33
1531 1601
329 397
264 321
128 202
1512 1553
1880 1939
1772 1848
1023 1065
610 668
38 110
1050 1110
-1685 36
1210 1269
1347 1396
1015 1085
1368 1420
-1243 34
-1692 22
1260 1310
803 860
1381 1453
142 212
1532 1576
-886 32
1985 2044
1127 1119
1395 1391
797 869
1422 1496
759 750
1065 1065
962 1006
770 823
36 81
455 510
937 991
1437 1490
584 657
104 146
1300 1345
1494 1539
260 333
-1039 22
29 105
1370 1423
822 875
1402 1457
585 642
895 956
1006 1061
1759 1833
299 291
-689 24
723 788
1115 1192
1093 1152
1083 1126
1945 1942
1822 1822
1683 1747
1629 1685
627 670
733 774
51 97
1202 1244
1768 1810
1539 1585
1663 1707
1607 1667
111 165
1707 1705
1168 1240
1213 1262
875 942
165 238
1253 1323
265 331
751 813
1403 1452
-748 25
-860 7
1143 1142
590 587
-1040 12
1303 1366
918 915
1611 1677
695 755
1615 1691
1387 1454
902 951
1029 1074
386 450
1735 1784
995 1041
577 631
1154 1226
1051 1098
70 117
207 282
1561 1621
784 831
1559 1605
1518 1584
168 229
-511 29
523 585
1763 1834
1616 1657
1634 1682
1293 1369
758 830
-868 -872
1429 1486
1050 1110
1378 1450
1619 1661
295 371
420 466
1291 1287
1384 1447
465 519
897 957
800 797
1808 1867
-1858 40
353 415
241 301
537 608
1593 1662
618 613
745 811
928 998
1880 1957
1600 1670
1301 1372
1252 1301
484 550
9 61
559 551
-172 27
1185 1254
1458 1513
1627 1698
527 577
1733 1725
1822 1869
909 961
1765 1825
677 726
518 509
729 785
1243 1303
672 737
1596 1669
74 66
1263 1316
1522 1563
31 106
680 736
1485 1545
958 1018
611 662
1519 1578
1008 1084
714 777
630 678
1866 1927
62 126
1385 1443
-463 21
1586 1663
1440 1496
664 709
-1535 27
1915 1957
1238 1297
82 158
798 859
1279 1355
635 628
-1534 22
1903 1977
1417 1474
161 235
1957 1955
1450 1521
1544 1600
748 792
937 984
1702 1771
28 92
907 976
1302 1368
-1933 20
1815 1879
561 604
237 234
473 516
1829 1825
1149 1190
1528 1604
869 917
853 924
714 768
1363 1438
1077 1140
1746 1793
1541 1536
423 469
1842 1911
-1 -1
