19 94 91
40644 38583 89502 41602 31830 71069 90616 53136 11475 22939 21737 88027 40725 45917 54920 64457 6414 83704 46930 53461 19438 68855 84170 11739 81985 82113 41718 88343 62719 19168 31600 19715 74103 37455 61317 22286 24876 51934 75422 36351 91225 13512 24378 48302 59429 95650 12759 65843 79355 76041 19304 15145 44897 19826 26884 43234 1939 68602 31577 81010 4122 79530 725 78226 16985 62043 16864 58213 30329 8638 94564 37906 22150 35294 86209 81579 30945 15320 63774 26652 7714 83078 41797 68963 2904 68681 12197 21196 53636 60126 2206 57758 39656 2932 52336 72993 81327 85552 31206 28008 94191 42122 65914 16341 77417 68475 14273 24714 148 78047 51366 7862 61126 9515 76825 80382 78196 5374 1578 48184 65500 3785 22295 21509 23069 90983 10854 20748 76536 58413 48756 70727 535 31022 3420 94304 15850 17693 19018 15998 95741 86736 40212 73219 96251 33389 69953 90800 38763 71532 38984 4263 91669 61279 42124 31090 68615 52979 51838 45151 11392 16946 32230 28279 64320 35650 38936 80170 69696 57954 12520 81789 44691 52732 55008 40942 86121 24961 48094 41236 12845 87079 61852 4514 64710 3976 51956 33325 56955 3794 94828 84699 37092 27058 29331 1413 62709 68267 97935 32405 42573 26808 30546 87264 95892 85554 44559 98366 26867 92653 39602 56065 96084 1454 76931 77147 5431 28888 10472 78738 49034 5301 79790 86127 32359 9121 3892 11420 93740 18179 60177 36313 61339 90723 39930 57232 92629 84489 71950 35849 93494 11552 91914 5931 29359 68845 83078 51142 14085 9902 29880 63120 15203 26022 49247 63915 51495 69491 91687 45235 4022 51865 81549 65362 58940 21479 22594 51570 22320 10896 3771 32166 22448 95685 54449 68159 80882 37527 19301 94968 63782 65534 58088 95337 91556 23687 59252 43052 9530 67292 4639 13552 35509 86188 78914 94449 24019 17860 62371 62691 28756 66142 11210 67557 78179 65659 35716 75414 19539 55018 86734 83321 20552 61174 78658 12108 84861 54263 71512 10743 21555 76152 24295 57064 78692 3210 51513 2712 37422 30237 81755 66179 12731 92965 33736 90911 58625 69452 82677 94516 40822 69411 77837 61374 30585 56495 89835 31798 10758 61347 42541 32313 53851 66836 5729 32544 86398 73595 51608 23821 3832 33363 6352 16563 42681 40088 23826 17658 25892 6503 12174 83067 92266 6363 44441 22851 62858 50628 54649 89969 28328 13542 38634 82179 80379 44364 31075 66777 34311 82683 6950 38143 32399 13302 71058 91432 69742 11237 9090 11987 17740 37616 95054 26359 43979 55847 49210 23189 22828 20212 13158 51156 33754 68145 49687 30485 12509 80763 13615 63172 79798 36917 1315 28549 50220 72373 36333 36314 99962 61775 48301 17703 99391 59707 60414 59722 31907 25976 82912 54735 46188 12422 22243 96295 80567 71930 43132 9428 69045 56747 72600 65196 93665 90267 10097 60237 78993 62783 96551 78955 24558 61205 13010 23950 37264 73424 24 69171 99401 82936 40258 61941 11711 78853 58236 92278 67136 17721 18059 52533 74468 7011 34081 84485 97279 60531 61074 76272 23314 73978 55227 47872 35183 68238 88174 88799 58014 88199 74323 57415 87487 14581 19357 99198 93435 93945 7829 76923 11666 42240 29456 2487 49251 63538 3324 46530 24069 64399 22802 47383 38377 94382 11607 89912 78972 99782 78711 36986 4333 53034 94402 8172 83968 30111 23723 93755 24056 31552 70678 52075 90144 134 54562 39395 63672 57886 85926 4093 22285 25080 51476 77014 35814 63084 66926 14786 79218 45638 51773 83551 15024 62527 91723 98992 92638 15446 92747 33046 63350 63425 85121 53494 79912 56035 9242 43584 13922 95168 64030 52559 36600 15506 29574 72415 94942 12852 3553 90512 58490 71678 74063 73515 34205 82139 88859 43195 13937 81607 92594 93640 61384 77715 47134 41296 50103 72728 1233 64025 84248 65263 32936 20849 80769 78862 9616 92064 91715 13169 82576 50205 84848 72992 40072 35405 71483 45284 94953 85420 26891 87547 79060 88275 81614 42547 45924 31717 15275 47157 12094 99524 12420 45031 36725 93189 23893 62693 1605 15608 75862 534 82166 77062 73526 38590 28820 45009 83874 23773 46781 27117 11320 42194 31745 9286 1093 77669 41004 32720 24826 69450 48596 37246 14481 85321 46787 54727 48014 48393 86687 40229 65279 85205 33643 38805 23796 78815 166 24022 2588 63299 67492 30260 5493 99237 39547 6586 76906 96903 39307 18084 66353 4255 55330 97187 89577 2117 51914 53943 66862 54953 10524 48493 40159 60520 87298 80307 39335 3816 4329 58276 67116 88173 4888 72609 87410 60787 95548 80668 57690 51207 98752 40396 55462 70434 37583 61391 88904 5849 31687 72118 60802 58563 20612 961 19083 7910 81268 74771 28079 1950 33047 95195 6475 54287 84156 93886 15075 79704 90906 72765 47263 89659 29513 2726 60093 83448 80469 48997 89297 12156 21116 66452 87072 58080 83765 6155 65990 81386 97278 10421 99688 46677 5616 6163 965 89773 16401 16040 85829 7308 5157 33093 13319 34671 52171 89764 18119 32640 55114 23769 61149 76230 6573 48221 34310 90338 70728 16652 71724 68007 27074 71412 31036 49042 93928 32001 55167 10329 48041 40997 17637 53199 90442 30956 4222 42613 20721 38693 91605 75835 78814 69106 68417 85387 17327 19079 75726 4408 52083 63802 88767 95509 35215 19803 44552 45495 51805 16071 55824 16198 57068 89814 85749 63862 37122 89971 22827 74195 45017 14433 66382 23831 99891 51151 9219 33571 70230 84945 37979 38666 65099 26746 50527 16666 62901 95079 62161 14706 27503 17986 47257 84571 7800 33006 48434 61274 39330 87613 35470 84347 2046 1852 24530 18290 53004 33749 51861 39586 35046 89840 78252 146 32938 28780 16812 95839 40211 78974 26898 67714 13312 90507 68638 37464 39865 33424 98738 79195 21037 34208 79894 39436 52413 4425 57726 5417 54526 9587 45003 89573 15779 39608 6071 65069 84740 39235 60908 24951 34561 4158 9018 47873 11017 94008 1689 50883 43784 428 30078 64821 50988 26325 20609 3401 30750 78335 8818 1628 4274 70174 7553 20053 9782 13624 85122 94522 52860 62383 35825 87421 82893 61195 51647 93911 55203 53336 44794 98987 70116 91224 80161 37457 17549 770 57210 64651 95458 66029 66280 99732 52555 90185 19786 62337 3810 21260 73211 73022 83643 25388 76795 66537 86584 44794 76800 -1
139 138
1170 1244
762 804
0 55
541 588
1351 1407
195 243
-19 22
982 1059
1094 1142
1833 1906
-1655 34
-1529 25
1143 1217
553 603
203 276
1899 1949
-1093 5
-566 39
1772 1815
539 602
1702 1776
985 1044
1696 1753
1133 1193
386 441
-1884 27
1172 1240
1023 1087
365 413
1778 1842
766 833
1441 1437
335 407
1011 1064
169 216
989 1066
1448 1497
732 786
1949 1992
1809 1852
862 905
1690 1686
571 622
362 415
373 423
1174 1247
-1186 21
548 619
1313 1359
1186 1186
-1261 8
1280 1357
1710 1777
1056 1111
1479 1536
875 922
1678 1746
1002 1045
-1320 35
272 316
820 868
1096 1148
-719 13
282 346
124 178
-710 14
992 1054
255 322
1704 1747
550 542
2 66
1687 1738
808 850
1926 1967
1708 1750
862 903
1961 2030
66 121
1880 1939
470 514
1541 1535
636 627
993 1055
-1255 -1264
934 1001
844 901
1929 1988
1255 1296
1551 1621
1436 1432
1291 1353
455 450
447 508
1027 1078
936 978
1199 1262
999 1062
1009 1068
1723 1795
1009 1066
1656 1701
592 660
550 621
587 633
850 902
1803 1849
778 776
1889 1934
560 613
758 823
944 989
216 264
1745 1796
477 552
1097 1154
1826 1818
1196 1273
1374 1420
331 381
644 714
436 505
119 195
1676 1730
51 110
48 118
559 610
1255 1301
1469 1525
1772 1838
376 422
1898 1890
1167 1237
274 334
759 809
1518 1591
331 376
1101 1174
1520 1594
493 567
1843 1917
381 448
67 114
1256 1297
1579 1640
1163 1213
1313 1384
1063 1129
874 926
446 512
1241 1288
93 139
1535 1608
557 621
952 997
818 882
827 880
972 1041
1994 1989
1500 1564
1167 1234
1617 1673
638 700
1945 2022
598 662
132 202
1900 1945
1303 1347
-1088 40
1286 1342
794 843
1930 1928
-311 6
1337 1387
1051 1127
735 776
826 867
1188 1260
792 868
-1580 4
272 263
439 515
1970 2028
1037 1101
1492 1568
257 311
311 361
1632 1681
1364 1414
372 443
-389 21
1218 1270
1987 2060
1698 1692
124 198
-281 20
72 143
66 121
1604 1665
857 903
413 462
-1112 7
1825 1869
979 1025
1468 1516
496 542
730 786
1323 1371
1424 1488
614 608
867 936
573 643
337 387
1154 1154
97 174
1709 1752
394 435
1996 2068
1400 1468
1699 1763
587 630
1840 1899
605 656
930 985
1879 1945
1735 1784
1207 1202
252 320
1718 1786
1903 1973
500 553
1752 1795
1186 1234
1104 1170
69 142
1786 1857
386 442
1152 1217
1490 1567
864 918
1271 1336
1341 1408
830 885
642 716
1779 1851
197 240
1625 1691
456 523
1345 1387
362 436
393 452
-281 22
1668 1741
189 252
1447 1511
1263 1261
436 485
448 503
960 1016
1264 1328
-73 17
1145 1192
826 877
1091 1160
908 951
1434 1508
1495 1490
1364 1435
-816 32
-1130 34
1438 1512
622 616
1315 1378
141 137
1920 1978
1156 1214
732 777
1491 1558
1830 1897
-19 38
53 102
1290 1346
350 418
1611 1675
1724 1768
1590 1667
1086 1140
-1080 19
-1533 7
1873 1922
1584 1629
265 257
780 850
1003 1069
934 1000
518 591
1003 1052
100 145
1474 1521
803 848
409 469
-1305 28
286 331
1327 1391
795 860
664 663
1651 1697
1848 1894
865 916
1981 2027
-1273 10
1400 1449
25 86
1890 1959
-1343 22
187 243
336 383
788 848
1997 2060
1021 1064
1724 1797
288 335
1841 1908
-1211 13
907 971
1393 1470
1545 1600
556 627
1670 1726
1986 1978
1117 1184
345 409
1336 1399
-327 39
1317 1390
557 613
401 444
-1505 34
846 891
1909 1974
626 691
1546 1618
1992 1990
1346 1397
777 821
74 147
1628 1677
1094 1144
450 517
-592 13
-22 16
1766 1821
130 198
1492 1544
378 435
1624 1697
252 308
930 983
271 267
359 355
471 522
1425 1482
722 780
1197 1271
314 386
949 1000
716 774
-105 32
-1099 24
-1715 15
738 812
496 539
512 588
497 552
1657 1722
323 395
1387 1462
1480 1478
-43 19
1323 1380
1612 1603
-611 16
498 574
1003 1079
1348 1411
1456 1529
748 800
673 736
529 578
1080 1153
830 888
774 824
1761 1832
365 429
952 1001
1007 1058
728 723
1756 1754
1902 1970
590 646
1418 1478
225 288
1991 2056
1370 1430
617 692
472 513
1964 2016
1613 1683
1972 1971
809 877
1972 2045
490 550
1623 1682
1785 1860
207 269
256 308
178 219
187 255
533 582
406 450
555 625
431 483
1983 2054
194 263
449 507
666 719
1335 1406
-537 14
1887 1958
-321 34
27 104
579 643
1829 1882
1406 1448
1011 1073
523 571
1045 1106
1157 1220
1871 1913
1051 1125
1121 1194
418 418
1512 1559
-673 13
1470 1541
1368 1430
959 955
1979 2048
1424 1465
-524 30
561 629
765 765
986 1035
1174 1228
281 338
1819 1870
146 190
1262 1313
1226 1300
1366 1437
161 230
1474 1535
47 121
877 945
1183 1258
1271 1314
1750 1815
455 505
1738 1795
1910 1901
253 320
716 788
1892 1888
464 529
-268 33
274 325
702 756
1073 1120
-434 -434
1013 1083
1162 1231
1437 1498
-1471 28
229 297
1494 1489
-724 33
877 930
1034 1087
1888 1887
154 218
393 458
-1404 29
1187 1244
543 592
811 870
566 628
-134 5
-888 28
-1727 4
602 652
299 359
609 659
1472 1515
1088 1133
683 758
-1282 -1284
1598 1668
150 221
1095 1152
1543 1615
1173 1238
1197 1273
1489 1547
-564 33
298 343
1257 1317
1020 1085
377 440
1312 1383
1799 1848
41 93
627 670
1538 1595
1161 1236
1224 1283
4 75
-444 18
-841 13
80 79
1311 1388
-766 26
1319 1396
-876 24
-1143 26
1638 1713
776 767
36 89
922 978
915 975
1881 1875
1070 1135
1615 1679
227 298
501 553
290 284
1118 1186
1920 1995
1757 1821
1658 1723
1836 1831
1475 1529
828 869
1645 1718
1898 1948
1237 1296
1548 1616
1055 1109
826 878
1208 1261
-1568 4
1000 1069
-1532 -1533
683 748
1185 1231
1850 1900
1150 1222
1645 1698
1579 1640
-251 21
144 209
1177 1224
1536 1532
1725 1723
1540 1600
-1453 -1453
1260 1259
779 856
30 27
1477 1522
137 206
1915 1912
1806 1857
1381 1440
392 467
1957 2013
1456 1516
687 763
862 916
1038 1083
563 606
864 931
69 119
759 827
1714 1788
1474 1523
1806 1850
645 722
405 474
1657 1724
1498 1542
1413 1470
1278 1338
1198 1268
958 1032
966 1014
534 583
946 992
1688 1756
188 260
1440 1499
274 351
-210 19
1842 1909
79 142
1415 1463
266 323
1458 1515
1714 1776
507 570
1132 1202
1228 1225
-1326 -1333
968 959
247 321
489 535
1918 1966
1103 1166
858 903
829 825
762 754
1862 1910
1647 1716
-1633 6
743 739
1581 1635
242 302
1733 1801
317 386
-1745 -1749
1851 1842
636 709
665 732
1085 1132
259 300
1187 1247
1694 1761
582 578
1572 1639
503 567
69 115
1258 1314
1278 1334
445 497
1096 1159
1078 1137
682 751
633 702
420 468
676 739
960 1034
-1592 -1594
1649 1693
903 964
863 925
483 533
-331 25
-148 25
1291 1359
1736 1813
1914 1978
-1921 34
1641 1690
-784 39
1584 1643
-1917 16
197 264
1371 1442
1415 1478
829 883
1424 1499
390 464
4 68
973 1027
1586 1659
1109 1155
-474 23
-982 11
1170 1217
342 408
568 645
1500 1497
1224 1279
48 121
107 165
-368 12
863 912
818 874
509 580
1384 1448
1861 1910
728 773
842 900
857 899
281 337
436 512
1973 2044
1705 1757
-668 21
1989 2064
260 331
619 678
1702 1777
422 494
1273 1321
588 636
1811 1858
1079 1144
507 501
1999 2048
1788 1842
275 321
1692 1683
1928 1998
1135 1199
521 580
511 555
135 132
1852 1899
1924 1979
796 789
1458 1520
1738 1780
123 190
1473 1522
593 650
-1590 39
1324 1375
182 255
1762 1810
709 763
868 911
-1711 4
664 731
1971 2048
1217 1214
1957 1999
1367 1440
195 255
518 588
526 602
97 152
1320 1363
715 792
18 82
439 484
65 142
1002 1050
1220 1280
500 561
-1344 36
122 177
1766 1840
631 701
703 745
-1381 33
149 215
599 668
1092 1133
1880 1953
1885 1930
-1559 38
1859 1900
1399 1391
815 860
1725 1766
1630 1693
778 834
1013 1069
1850 1924
265 313
1110 1151
305 381
1861 1914
1616 1664
337 391
264 311
1923 1918
421 487
431 426
862 925
1426 1479
44 118
-95 18
1512 1570
301 356
1571 1648
-1508 9
861 937
481 552
1344 1391
918 970
1629 1692
1156 1222
1449 1498
1891 1939
1079 1141
233 310
1650 1692
1282 1338
176 223
634 710
-1216 38
1753 1809
354 407
1732 1797
1650 1722
1367 1430
1866 1928
345 400
1496 1542
457 519
834 885
1768 1813
1917 1966
1904 1975
-1698 4
396 468
1999 2042
561 616
516 566
1752 1804
1218 1270
-1770 29
1242 1306
1188 1184
1377 1447
670 662
1867 1912
1575 1622
-135 6
736 792
1654 1695
-1032 13
803 844
508 561
109 165
1305 1373
1063 1120
1707 1779
971 1016
1673 1673
1193 1184
1383 1436
247 303
-1090 4
98 143
1686 1747
1772 1813
398 463
-20 23
1717 1772
1890 1958
1674 1727
1719 1787
1105 1179
1142 1199
573 616
1057 1105
1627 1619
1629 1675
797 848
748 797
1901 1955
613 684
146 210
1329 1396
143 213
583 641
756 797
1801 1850
36 79
56 102
532 577
1441 1495
983 1037
921 912
221 272
768 809
235 234
77 131
1237 1296
1761 1835
670 731
863 918
204 279
751 794
1563 1620
1023 1074
-1431 24
677 670
397 454
915 991
576 639
-1981 14
1747 1796
682 752
-1613 9
1342 1384
1709 1760
1762 1759
1521 1564
1839 1883
781 829
282 324
-347 19
742 741
1425 1498
603 673
-1857 -1859
1168 1240
-1166 31
806 880
715 771
1717 1761
1704 1779
1060 1123
1652 1708
376 431
803 803
602 670
581 639
276 317
1508 1574
188 248
898 949
1973 2026
1253 1312
1342 1386
1001 1074
1540 1590
988 1063
279 346
348 420
1085 1136
1260 1334
587 579
1432 1491
1012 1065
1996 2052
-864 17
1578 1628
1610 1660
1852 1921
718 773
277 327
1861 1861
447 509
889 884
194 264
273 332
1446 1520
1083 1151
1423 1475
974 1032
1435 1484
271 321
-1114 27
1810 1858
693 747
416 476
1503 1580
264 312
1349 1423
1195 1189
336 385
1529 1598
1675 1722
-247 37
524 593
275 328
196 262
1691 1764
3 50
1502 1543
888 951
1514 1564
956 1006
1506 1577
-1095 8
581 627
1569 1627
1612 1665
908 951
753 796
315 356
625 696
1603 1669
1553 1626
373 427
111 103
1179 1237
255 332
1797 1855
-872 8
948 945
251 321
-37 24
408 456
424 422
1847 1888
1852 1926
1772 1831
578 645
1053 1120
244 313
1007 1003
282 273
274 332
1441 1494
555 605
333 393
561 635
479 547
1234 1281
494 550
1390 1438
-1 31
-1469 20
606 648
878 944
182 236
532 583
1486 1553
770 839
1610 1672
-669 18
921 914
77 131
700 696
-788 12
722 770
892 951
174 232
1261 1307
292 360
1779 1854
1477 1541
1058 1127
1389 1453
483 539
1867 1925
918 986
1609 1661
792 849
1075 1136
734 783
1589 1637
1413 1476
1092 1162
883 943
-431 30
1152 1194
1837 1883
1636 1684
160 237
1176 1226
231 292
24 92
1845 1845
580 644
290 288
1933 1989
1706 1774
787 830
363 420
1471 1523
227 272
-1696 -1700
419 491
604 673
748 795
162 220
1417 1492
600 659
939 1005
532 601
578 621
1945 1997
340 413
9 0
-1979 23
4 53
656 715
1232 1308
1780 1838
744 796
425 485
1122 1182
935 926
1361 1412
1299 1354
1192 1187
1953 2006
392 449
1644 1641
566 620
48 90
1197 1250
1761 1830
882 944
1783 1854
999 1061
53 45
674 733
1011 1058
1067 1137
588 587
459 500
-1420 9
1026 1020
1709 1708
-1045 30
1024 1069
1744 1816
183 234
521 586
631 682
1393 1389
511 569
1931 2008
180 229
1841 1892
1753 1816
318 392
1226 1281
714 786
1911 1987
70 133
-482 24
728 780
-616 11
1289 1354
56 104
1090 1161
-253 25
1688 1743
1297 1371
908 972
1235 1278
1615 1689
872 914
-1251 15
942 993
1343 1420
1498 1563
1531 1600
1996 2065
1456 1504
1237 1290
980 1048
472 527
333 385
1813 1869
1114 1189
1373 1428
1958 2025
-195 16
818 879
1607 1678
169 226
1853 1903
50 124
712 769
916 979
1679 1676
1143 1202
-300 29
64 126
1790 1846
1577 1643
1672 1744
942 1001
1505 1579
216 257
363 357
-1967 38
1904 1900
123 183
1488 1564
1839 1908
1843 1915
1526 1580
290 360
1396 1455
1790 1850
1125 1189
935 988
1623 1689
-77 28
-1807 39
1511 1554
1758 1804
752 743
1607 1671
524 593
1322 1314
-328 33
1876 1945
567 626
1323 1382
1183 1226
-772 30
548 606
1923 1995
1666 1721
634 710
1990 2040
983 1046
687 687
503 556
673 717
298 341
1836 1913
651 651
58 107
885 929
270 343
403 454
1019 1092
1544 1537
895 956
52 103
454 505
486 479
914 975
1128 1200
1142 1199
198 239
1626 1693
220 284
1697 1754
268 341
1479 1550
1625 1624
309 370
1281 1323
7 48
168 239
-883 18
551 614
-1204 36
755 831
836 881
395 453
332 407
153 214
246 240
-735 33
1100 1149
720 794
989 1043
-410 9
446 501
1909 1981
1097 1170
991 1044
213 290
667 710
137 137
1229 1278
-1167 6
1102 1171
1987 2037
926 992
668 721
306 380
90 164
12 86
1090 1135
830 904
1323 1320
497 549
1192 1265
1336 1396
-1357 23
-1474 20
235 278
1190 1260
25 102
766 821
1182 1223
2 -7
1667 1733
1257 1313
-789 12
-125 9
1264 1319
472 541
248 247
235 279
147 214
394 443
37 104
675 740
696 768
1848 1903
412 453
29 85
551 618
-1861 32
261 317
277 318
600 647
382 448
1719 1786
1415 1408
1435 1489
1952 2015
688 732
689 755
1061 1113
1256 1314
1914 1978
339 383
674 719
1214 1255
1976 2049
729 800
1975 2044
-589 27
1707 1784
1759 1825
-186 4
1782 1829
574 637
484 479
1831 1881
1300 1342
619 666
1161 1208
312 371
1457 1532
253 308
292 369
648 690
-287 18
472 539
611 654
-1326 39
1250 1312
1579 1652
144 205
1621 1664
836 906
1459 1502
-165 16
1934 1982
1971 2013
612 670
1517 1568
1119 1173
1444 1500
1911 1968
1665 1706
262 334
325 376
765 836
381 448
700 770
793 854
1631 1696
1748 1802
655 704
319 383
995 1048
376 447
1366 1434
110 166
47 88
457 522
428 490
543 587
1144 1205
1394 1454
1886 1941
195 256
598 662
821 897
1062 1110
1790 1862
437 489
-668 6
978 1033
-1169 -1177
-862 29
397 462
654 698
39 90
652 724
1103 1172
1040 1085
1734 1807
1893 1959
924 990
1485 1546
1111 1158
903 974
750 804
-929 33
54 51
1027 1083
353 413
-797 19
1771 1838
-1128 27
944 1010
1567 1564
40 84
1996 2037
565 628
148 208
569 620
1652 1697
-402 6
94 165
870 911
1985 2034
1869 1918
1494 1535
1690 1765
980 1022
568 609
208 271
656 708
829 820
697 746
193 242
368 415
694 692
870 928
270 320
1166 1164
1838 1909
334 406
389 444
1183 1244
1641 1687
1499 1558
1973 2025
1894 1959
957 1014
606 667
219 263
-31 37
1088 1140
1685 1677
1450 1519
226 277
-54 10
-306 15
1865 1927
1495 1539
1890 1940
1963 2014
752 828
1445 1509
1138 1197
1172 1233
1173 1244
1163 1221
1182 1233
1104 1145
-577 13
1566 1630
440 512
1277 1332
1404 1462
1897 1944
1899 1950
-680 -684
1454 1445
1306 1302
291 341
-1188 27
395 442
1856 1916
-343 8
1040 1086
900 959
1512 1566
1596 1651
1665 1710
-1419 31
1339 1380
56 122
-898 29
774 825
202 249
1475 1541
801 857
-913 30
1846 1894
1356 1430
904 946
1534 1529
1109 1164
1528 1572
1750 1823
375 440
921 921
1728 1804
835 905
817 879
1687 1747
71 147
1731 1778
327 398
1862 1937
1993 2041
999 991
-1999 35
516 591
371 419
1759 1753
1958 2026
304 353
667 729
827 900
1293 1366
1413 1464
145 188
995 1048
-226 35
803 848
-1009 19
1674 1667
1515 1514
-1824 25
1372 1434
1877 1938
1460 1522
1487 1553
472 541
361 414
1129 1194
852 921
1726 1802
1423 1485
1945 2020
84 129
723 798
408 402
-1430 32
1689 1740
1455 1504
793 859
-210 37
965 1006
616 670
-255 35
-1712 31
1981 2048
1199 1248
-145 34
672 669
269 335
136 181
994 1046
1585 1650
761 823
936 1008
-1353 17
1869 1945
662 656
88 160
173 228
-985 16
1575 1631
1682 1758
-993 6
5 70
473 523
1768 1830
1438 1510
1163 1234
876 923
1037 1087
733 778
1644 1690
-1655 24
1742 1815
1004 1061
61 61
1632 1630
1759 1808
1172 1224
-863 29
1062 1130
481 546
1467 1520
194 253
1989 2058
491 565
1601 1648
1307 1351
60 112
-1011 26
1601 1678
1863 1925
321 388
209 268
362 433
1142 1208
-104 16
-1642 6
677 752
468 527
582 637
94 162
-1868 17
1032 1092
1221 1293
791 853
1105 1155
1781 1832
1210 1253
857 913
1101 1171
1568 1617
-721 40
-1829 34
1366 1408
1503 1549
-352 -353
-833 16
1078 1153
451 525
1895 1938
1408 1482
410 403
21 95
-953 13
511 553
451 513
1667 1736
733 806
782 835
1561 1618
1125 1185
407 477
306 349
1203 1263
280 353
-636 16
721 784
-670 12
37 103
1850 1909
345 398
136 187
-647 8
205 252
720 780
737 783
-1134 5
1417 1476
1369 1417
-67 32
874 870
458 499
973 1016
896 943
1887 1963
120 164
-1261 25
784 842
1063 1115
1415 1487
1063 1140
-1725 27
226 301
1109 1161
298 367
-531 14
1102 1158
1475 1542
1555 1620
106 156
388 458
281 335
776 841
444 495
1467 1529
869 929
180 252
1913 1956
1795 1792
1428 1474
79 142
-1003 -1012
538 594
427 472
1669 1717
677 754
1068 1116
50 91
357 420
233 279
1235 1304
-1936 15
1630 1628
298 342
1506 1547
692 739
321 381
1477 1534
884 958
8 64
1578 1649
1676 1734
568 633
72 116
255 304
1301 1372
1653 1702
1766 1810
1688 1736
493 564
374 437
860 918
935 983
1987 2039
1158 1210
1062 1113
1831 1890
718 787
1504 1548
139 209
1277 1334
1757 1815
1645 1643
1166 1218
1333 1409
637 688
1174 1168
-1669 32
1502 1567
1629 1691
231 298
43 112
1245 1287
-150 36
632 691
-198 17
1719 1763
684 739
-761 38
974 1025
1922 1969
772 813
763 818
1368 1359
1231 1297
1016 1071
1869 1912
1247 1302
1230 1301
265 332
570 614
178 173
871 941
-1220 4
87 85
1597 1648
185 254
-340 32
-1455 14
87 139
642 717
1342 1394
1574 1633
330 386
1609 1663
1583 1641
1027 1079
1811 1858
1068 1121
1042 1102
1411 1452
1006 1077
517 579
1865 1920
1373 1420
1645 1722
930 985
1550 1601
302 377
-154 11
1531 1595
-510 8
1582 1576
114 105
1751 1793
1294 1355
922 988
1656 1719
1997 2071
547 545
487 543
-864 25
1687 1684
1545 1603
1773 1816
-17 19
906 949
1104 1156
1424 1467
369 444
796 857
1011 1065
491 549
1143 1203
1382 1432
1346 1389
330 328
762 833
1212 1278
230 287
1114 1157
1850 1926
650 719
308 304
713 713
1493 1534
281 344
763 826
-692 -699
423 488
732 773
807 852
380 423
623 666
867 935
534 606
885 959
1103 1157
1710 1786
-15 22
1056 1056
1419 1417
1226 1299
1927 1973
1959 2014
441 506
-136 4
-23 24
1397 1454
-1152 6
1301 1342
1374 1428
1900 1944
935 977
1244 1293
577 636
1513 1554
603 676
1716 1758
1892 1943
557 611
157 228
247 319
185 247
691 750
1125 1200
356 403
1924 1992
1602 1666
971 1014
1688 1757
1904 1972
380 454
1102 1095
39 106
-804 23
612 684
681 734
28 84
396 471
69 126
1918 1980
712 784
1481 1543
338 338
899 950
-1470 6
-214 19
348 409
1322 1317
1229 1272
795 790
1055 1113
70 65
-808 -812
965 1031
903 950
338 409
1006 1080
866 921
74 126
467 510
1636 1704
-1663 19
713 757
1312 1361
733 725
-1683 11
301 357
223 282
1856 1913
-1440 8
123 177
1506 1577
351 420
1395 1467
1783 1831
74 146
47 124
1485 1484
-940 6
1988 2058
189 251
903 945
69 68
388 455
509 569
-429 32
166 212
518 590
1059 1122
174 241
115 186
239 307
70 66
-526 23
561 629
998 1045
796 867
1793 1842
853 899
169 220
693 747
562 619
1162 1239
1016 1089
599 668
543 605
1073 1131
1707 1749
1403 1471
635 710
23 94
985 1059
594 592
1733 1795
1442 1510
1157 1224
930 972
1094 1146
546 608
431 489
1928 1988
1207 1252
-1924 12
1212 1281
50 91
852 844
186 232
357 424
481 537
1535 1585
413 483
1452 1452
1764 1833
673 746
1732 1800
1974 2028
527 604
615 682
1789 1787
1762 1823
927 975
489 549
1630 1673
403 479
-1072 40
746 808
1376 1367
832 823
1678 1736
438 482
511 571
208 255
1224 1281
1768 1826
314 362
300 376
946 995
1574 1617
715 758
1967 2010
1304 1370
254 297
1571 1632
1616 1665
881 926
357 416
153 225
-970 32
467 539
765 814
1060 1129
245 319
-1433 20
1201 1268
1820 1862
1305 1364
33 32
487 542
400 462
1256 1300
1901 1965
1363 1406
1992 2055
-1458 9
612 667
1915 1960
1398 1469
1797 1871
-1982 31
1130 1176
-72 37
1443 1501
68 130
1749 1822
1382 1437
1724 1796
1383 1455
1095 1166
-1115 12
-697 8
580 654
727 771
1992 2064
51 112
289 353
618 689
399 393
-1961 -1962
838 902
1030 1092
886 943
1547 1617
275 333
543 616
-798 11
1925 1972
1558 1611
83 80
566 607
1821 1813
1264 1340
361 359
798 849
57 107
1248 1314
1148 1141
373 440
1952 2010
494 559
49 101
1057 1099
-1186 31
1621 1615
531 600
259 335
501 566
1435 1503
382 443
1650 1648
1786 1839
1431 1500
-813 9
-626 38
1970 2031
822 885
1800 1858
87 156
1405 1465
1171 1242
1984 2055
-167 -176
180 251
186 253
458 506
1393 1435
1530 1603
339 411
1810 1862
351 418
-10 18
1996 2063
1501 1575
708 757
-16 27
1600 1658
704 770
627 620
450 508
1654 1722
1376 1430
1565 1615
-1747 -1753
-1247 28
594 652
1884 1931
1663 1729
77 118
748 743
1719 1771
1109 1154
1195 1251
603 657
1814 1879
1176 1246
-777 14
183 244
1696 1748
1614 1657
1455 1507
1174 1235
1326 1379
163 240
1658 1712
1901 1964
622 699
1222 1214
651 649
475 523
-761 22
1509 1586
1330 1400
91 82
1611 1688
73 137
952 945
1500 1544
1380 1429
24 95
1225 1296
1404 1400
1865 1917
1151 1202
1092 1159
-1596 26
1782 1778
660 708
-421 20
1065 1133
1495 1566
1884 1945
1088 1137
1386 1428
413 476
1629 1705
729 801
827 903
73 73
870 864
966 1012
-1704 22
1149 1196
115 192
-910 20
1159 1214
1161 1226
1068 1134
1089 1140
477 539
390 465
686 739
926 1001
652 700
362 413
674 730
562 560
1852 1929
1098 1163
412 453
1129 1192
903 949
805 879
1301 1352
89 157
1937 1993
1535 1605
1996 2067
-1241 14
407 451
1539 1580
75 147
979 1047
1715 1761
464 540
1567 1621
1437 1514
810 858
1087 1141
703 749
1423 1492
1717 1781
1187 1259
701 772
39 97
117 179
-1090 19
-1649 30
1235 1300
1438 1493
-295 31
1524 1593
276 320
1324 1374
815 862
1415 1467
221 274
456 509
1331 1383
1073 1130
816 860
-1258 26
1416 1479
208 280
285 348
1937 2001
153 210
940 940
1726 1768
1510 1569
765 840
557 552
-1627 22
608 679
629 625
280 327
462 510
1318 1390
968 1015
684 728
-600 37
1781 1849
512 572
177 244
1890 1949
253 302
-1110 18
1058 1109
216 292
1227 1279
836 905
871 932
1994 2058
829 829
-1249 -1257
1868 1864
291 349
1012 1062
813 869
776 848
1621 1690
139 137
257 329
98 147
438 512
668 736
754 813
1014 1074
208 208
1193 1261
114 106
135 205
749 806
847 913
92 136
1837 1881
357 404
865 916
555 619
498 497
-257 15
363 426
147 198
1900 1966
-1298 32
485 547
1481 1545
407 478
1661 1738
-1195 35
1924 1978
628 624
1196 1195
1137 1214
1073 1141
536 605
759 800
1351 1426
225 216
1626 1693
1449 1491
4 69
258 318
1865 1923
892 935
925 966
1709 1754
730 786
860 901
1014 1061
66 126
1921 1985
1105 1173
449 493
-385 15
695 763
810 885
-546 28
668 722
1491 1542
86 128
1954 2023
1591 1665
928 969
394 458
1538 1579
1190 1234
1263 1261
-1311 25
1281 1333
387 444
952 1018
1459 1458
1424 1483
1750 1812
14 55
711 756
1338 1411
1863 1928
220 270
-184 37
168 219
64 115
1647 1696
1320 1390
973 1031
258 302
768 818
561 555
1446 1509
1001 1064
560 621
279 347
1482 1523
1528 1581
685 755
1564 1623
1984 2053
791 845
182 223
-1943 11
561 610
1691 1746
1411 1487
1378 1452
1774 1817
1878 1928
4 65
-1077 30
1937 1996
841 905
1314 1381
1673 1671
1107 1152
1690 1758
1758 1811
981 1038
1694 1766
32 108
1143 1218
1382 1447
-1385 35
1011 1009
-1837 -1846
-50 -54
1579 1622
1716 1777
1809 1872
1697 1756
624 694
498 559
1684 1759
988 1046
1470 1516
472 538
945 1010
1767 1822
925 998
1451 1524
205 256
45 116
10 60
792 837
577 620
833 902
424 471
-692 30
646 699
1294 1336
1067 1135
34 108
5 0
747 817
1187 1244
1662 1728
1765 1828
580 651
430 505
1309 1374
848 897
-534 12
1417 1471
18 86
-111 36
759 808
259 335
56 100
1907 1982
781 773
1272 1320
1108 1181
541 605
453 452
677 731
282 328
1885 1943
640 709
845 909
1210 1267
1048 1113
372 367
-25 21
706 758
666 727
833 890
-847 7
455 530
-389 -396
-1845 18
1926 1993
-630 -636
1856 1917
842 889
1354 1427
1180 1228
1815 1881
1329 1374
1014 1072
1729 1774
1299 1345
-1146 39
668 739
1875 1938
1837 1912
1414 1484
1621 1697
387 437
189 243
102 167
1950 1991
1912 1968
201 269
328 403
1456 1513
-828 -830
-414 39
1244 1308
1792 1838
762 809
1881 1950
207 261
1296 1366
1864 1926
1454 1520
1055 1126
1953 2021
664 730
851 900
252 312
641 710
683 674
1477 1542
133 201
117 194
1286 1279
1417 1483
752 808
1484 1538
484 533
174 216
882 932
950 1027
1433 1476
584 647
1097 1165
1186 1254
1517 1582
396 452
1600 1655
1188 1235
344 403
909 984
1245 1300
370 364
499 557
480 532
466 511
1270 1317
932 974
21 71
1323 1391
524 582
571 632
178 222
51 124
886 943
-1253 22
-1085 13
-867 24
584 630
1010 1052
1689 1745
1038 1094
1514 1510
660 725
1346 1407
-1441 37
-1185 31
996 1044
1404 1399
1569 1636
1705 1759
786 827
1512 1511
-1646 27
553 616
412 454
315 390
1776 1843
-1728 31
1206 1250
929 975
1828 1886
689 750
985 1026
-1663 29
1485 1538
566 610
1914 1958
1624 1692
1024 1080
1766 1840
-380 25
1112 1109
1848 1909
-997 7
279 321
805 875
582 581
403 468
1367 1434
121 162
1259 1326
1051 1112
485 526
321 387
1373 1428
1025 1067
796 792
1349 1421
242 233
402 470
1854 1900
1028 1071
514 505
-69 18
1070 1114
53 94
679 747
1081 1157
837 912
547 596
1524 1588
35 80
305 369
1774 1823
533 576
733 776
-1849 20
1097 1138
531 572
1641 1688
1788 1838
1064 1058
827 821
1414 1456
96 157
726 796
1706 1777
201 258
1201 1201
57 122
248 242
577 631
184 256
1390 1464
1410 1487
1760 1812
3 71
1325 1389
1387 1460
51 110
671 740
1395 1445
283 360
616 667
1893 1887
1427 1504
1064 1123
312 382
1103 1155
378 420
784 825
1672 1720
574 639
1481 1554
524 518
1903 1948
-1105 16
753 801
149 208
1142 1185
1164 1236
-420 37
1087 1152
1217 1264
281 341
298 339
1093 1158
-1298 34
10 51
497 570
1687 1739
618 610
-54 32
1940 1931
1736 1793
703 776
1402 1479
1228 1284
436 494
-774 7
1667 1737
330 329
1535 1598
1004 1048
72 146
98 164
140 133
-158 21
1941 1998
408 479
1825 1871
1522 1597
146 200
1770 1830
237 290
447 518
655 709
1706 1768
1733 1776
631 626
1489 1560
681 755
510 566
575 634
1787 1843
1634 1707
1224 1282
276 343
1766 1839
1785 1853
279 324
-240 -244
1601 1653
281 340
213 280
-1413 36
1022 1093
1268 1315
1950 2017
78 139
1996 1987
1031 1103
1022 1080
1008 1078
427 470
1979 2033
1932 1999
727 790
889 959
-1483 32
500 566
1367 1423
1191 1267
576 617
723 784
1288 1283
308 380
913 960
663 721
706 755
1901 1972
290 286
688 739
1779 1773
1623 1693
827 825
19 63
980 1054
288 350
1856 1902
1794 1786
1748 1811
1516 1573
412 469
1592 1648
910 971
1643 1712
1275 1325
1087 1153
-1545 37
1949 2000
1085 1152
-638 24
643 693
1921 1989
1969 2026
954 954
23 86
1803 1857
95 137
634 708
426 477
109 174
703 753
1991 2037
742 789
570 616
676 724
407 466
314 358
800 852
343 390
255 322
1497 1543
1630 1691
661 710
1489 1563
962 1005
756 756
693 738
-135 36
712 764
1922 1970
-64 23
1792 1861
1133 1196
1875 1933
1592 1591
1199 1249
621 698
941 939
1609 1661
-575 9
-2 17
1156 1229
-1818 30
812 810
1044 1113
111 164
396 438
252 300
-738 31
291 285
352 349
-194 16
254 308
661 716
1809 1880
-82 29
835 894
1634 1678
-25 38
-942 28
1755 1813
214 273
175 226
13 79
1987 2034
-831 29
1382 1452
235 279
426 480
1805 1870
1857 1907
1123 1180
1850 1909
1917 1986
942 1011
804 878
129 181
834 895
33 83
1539 1595
1385 1444
1885 1954
1278 1353
890 882
238 287
1571 1643
-1061 11
1397 1390
437 508
869 920
1564 1640
342 410
239 238
701 765
-1198 22
546 616
1527 1590
593 638
252 317
1622 1678
1476 1475
1999 2071
1444 1517
1173 1241
386 435
1879 1945
452 529
449 502
284 328
1320 1384
1215 1290
411 407
1763 1832
5 53
814 809
92 143
421 465
105 155
-1604 27
1895 1969
1703 1774
1923 1992
575 572
1425 1481
1503 1570
1278 1348
900 944
1910 1951
1322 1389
777 853
147 221
1126 1122
1913 1985
1318 1313
913 981
1710 1774
1726 1798
281 348
574 624
1004 1063
906 899
751 824
637 710
58 105
1013 1067
344 336
207 258
427 497
1039 1106
62 134
749 822
93 92
992 1042
-957 21
759 759
964 1017
1866 1859
913 984
-168 -168
846 842
303 360
801 854
1416 1480
430 474
930 976
592 661
186 239
1208 1268
644 696
129 170
784 827
708 767
701 762
584 636
74 133
1107 1180
1617 1668
292 333
1331 1331
1147 1214
1655 1655
608 662
1635 1688
1256 1327
1168 1242
574 642
1413 1467
1546 1608
513 555
435 503
325 372
1858 1923
1552 1613
508 569
272 330
143 185
1603 1597
1116 1187
16 66
992 1053
388 379
1259 1250
1875 1931
805 852
1468 1529
-389 14
802 857
454 516
1127 1188
1932 1981
1583 1629
971 965
1595 1652
507 560
841 915
549 595
1782 1854
172 219
1885 1962
424 417
1881 1943
416 492
178 232
557 548
1558 1631
542 605
736 790
939 1008
-451 17
802 843
1600 1659
1821 1892
1952 1998
-1579 18
1508 1508
1457 1514
1783 1845
1534 1601
413 458
28 21
1587 1632
-1413 24
1206 1205
1566 1624
1934 1978
1395 1449
-1818 -1825
-759 33
1059 1120
612 682
911 970
85 151
1787 1836
508 564
1599 1645
398 395
80 147
262 304
251 242
-405 12
378 421
1827 1902
428 505
530 593
-1370 7
839 889
790 832
1450 1527
449 518
1409 1405
1372 1449
1861 1902
365 433
142 215
421 481
1476 1551
969 1020
-724 19
-1751 31
1682 1681
1329 1378
1729 1786
1558 1615
108 181
262 320
683 734
906 948
1146 1212
1152 1227
-1178 -1184
438 484
1315 1307
117 186
246 303
498 570
316 388
1198 1263
1499 1573
-1638 38
1475 1536
1889 1935
992 1059
1026 1084
1949 2019
-205 38
1358 1403
1620 1682
906 963
320 393
1771 1835
1734 1800
217 288
180 224
1390 1451
1669 1745
19 89
438 438
1861 1918
1852 1919
1117 1173
459 518
1240 1307
-1540 25
291 348
930 973
1750 1792
1295 1352
1906 1965
-939 5
-486 12
1842 1906
505 561
1990 2050
1663 1704
-636 13
167 166
1597 1669
35 93
-502 33
1096 1146
836 905
583 652
799 872
690 758
1781 1824
1629 1703
241 311
1917 1958
972 1020
-1226 37
263 319
194 268
726 773
1793 1847
1344 1411
564 558
1722 1773
221 291
1965 2019
422 492
1049 1116
420 489
1540 1595
-411 37
1855 1927
988 1032
1395 1445
1480 1474
1480 1557
1342 1404
1046 1091
1316 1367
28 79
1144 1217
-432 -440
785 853
644 701
-880 9
925 997
1336 1406
447 522
285 337
1250 1325
1637 1694
-1664 17
955 1000
157 199
1588 1660
1324 1318
728 771
579 571
320 369
761 813
1224 1222
1536 1599
778 832
1162 1154
428 499
182 182
1609 1684
435 500
855 853
388 429
1279 1331
633 679
387 439
904 945
1009 1082
631 629
1201 1275
1606 1674
218 286
928 979
427 470
-1496 13
241 315
-1736 21
1938 2010
1679 1672
1977 1974
-524 35
370 413
876 917
978 1026
1748 1804
407 476
722 783
1747 1812
645 702
1032 1089
-1724 27
347 405
1583 1637
1972 2041
1552 1546
1992 2052
1589 1583
875 866
1781 1825
1439 1494
0 -9
-1583 11
440 490
461 526
295 351
649 701
1565 1636
1475 1520
230 295
1793 1843
1043 1084
-883 39
-874 5
1966 2032
864 856
1423 1477
-1133 22
1263 1336
1165 1230
1916 1957
719 786
1301 1367
-171 14
1309 1351
1803 1866
535 597
-762 18
1258 1299
194 244
83 125
1925 1972
504 567
654 724
688 757
1991 1991
1060 1134
1751 1750
-1140 6
1791 1862
913 967
562 634
1498 1553
1127 1189
-1051 18
1080 1147
1997 1988
1335 1379
-1321 -1324
1777 1819
1551 1610
1347 1400
-1455 31
-198 -205
1915 1967
1563 1626
742 815
865 933
1991 2033
1707 1781
1313 1304
-1403 15
698 766
-1445 31
-321 4
639 705
1429 1498
-1120 4
1782 1826
366 427
1658 1700
1327 1373
1778 1842
-1898 17
575 629
1384 1380
757 810
1205 1254
975 975
1558 1611
1231 1293
1417 1483
1151 1222
-1952 15
358 426
-1178 30
353 403
1965 2039
717 762
1195 1241
1888 1946
297 374
607 674
1267 1318
234 295
996 1064
-1890 29
-1611 10
938 992
1646 1718
421 414
1264 1335
1547 1608
714 765
-1836 20
1162 1226
1082 1127
1883 1951
28 80
1157 1232
890 941
839 905
1370 1413
1755 1824
188 258
832 875
467 543
1543 1618
281 326
1426 1475
1694 1738
1895 1938
1146 1191
536 582
1883 1946
1831 1873
1094 1142
987 1042
136 183
1301 1294
976 1041
1023 1066
1908 1966
521 584
7 83
258 322
-89 7
1784 1835
595 639
157 205
1785 1827
1071 1147
-1942 24
1372 1448
827 876
292 365
611 658
1904 1947
310 368
1228 1270
710 775
550 593
467 467
1714 1756
1562 1633
980 1033
-789 5
1729 1805
34 111
1128 1186
1741 1785
1253 1322
688 742
1382 1450
138 195
1273 1329
1584 1661
409 476
1321 1395
1635 1678
1552 1624
651 699
885 941
1125 1117
799 852
996 996
171 238
48 94
381 422
1840 1911
1712 1787
798 863
1381 1451
1849 1925
-438 24
1920 1979
1384 1460
748 792
251 311
1943 2007
1979 2048
14 88
846 895
230 278
422 482
1130 1206
1354 1402
1700 1760
-1465 -1470
1470 1533
1928 2000
1464 1508
1105 1155
1083 1159
1136 1207
108 159
760 824
1585 1626
161 237
757 821
402 464
1382 1449
613 675
1605 1655
588 652
1253 1311
91 164
362 432
239 281
1592 1642
1609 1674
654 711
359 432
127 120
1827 1899
1188 1261
1297 1345
1741 1796
136 129
1003 1044
1684 1725
1588 1634
1724 1724
201 195
304 367
90 150
59 121
1299 1354
28 96
1617 1672
164 239
483 525
823 869
631 679
606 647
1200 1253
1269 1345
1898 1955
1136 1205
1345 1344
367 428
501 550
1397 1463
147 222
1775 1818
674 725
317 362
1914 1963
-1154 35
620 612
1146 1145
-1648 31
-838 15
958 1022
359 409
317 370
1039 1093
1172 1220
1129 1185
256 309
407 473
1737 1779
919 990
1134 1195
-642 31
1701 1771
1762 1818
1588 1634
1191 1253
168 215
41 90
634 687
-1577 13
421 498
1607 1677
62 115
7 62
-1898 39
1058 1129
300 294
172 222
-1969 27
102 99
57 117
415 412
970 1044
1322 1367
-1572 8
706 778
475 473
-298 8
-632 14
97 158
1362 1405
978 1048
462 531
631 681
218 218
1930 1979
527 593
1386 1463
714 757
-755 32
1501 1571
-149 16
1734 1804
726 792
1638 1703
383 426
-1259 18
1495 1553
217 274
371 426
554 596
1490 1542
951 1006
1342 1419
800 861
1440 1438
1310 1381
953 1026
918 981
587 632
-1799 37
1532 1591
775 840
447 520
61 133
117 193
338 413
799 856
-604 34
742 801
1508 1570
1972 2047
-351 4
1975 2052
1890 1890
1674 1729
1243 1299
672 717
216 269
1238 1305
1068 1136
-1331 8
457 523
1082 1127
470 538
725 787
1366 1422
814 874
912 979
1656 1706
1882 1931
44 94
1194 1193
1167 1218
1403 1473
1135 1200
104 168
329 327
448 492
172 233
1801 1859
983 1034
1139 1131
1292 1358
1501 1565
1761 1818
1550 1612
696 694
599 657
1658 1725
1123 1114
248 296
916 914
1934 1996
1271 1335
1137 1198
-918 -923
720 776
1670 1737
967 1040
1052 1123
-222 -230
966 1037
349 398
781 838
277 335
1956 2014
1376 1445
735 798
1648 1715
598 668
195 193
617 676
1717 1771
1747 1798
171 246
1132 1205
1828 1898
1902 1959
204 256
1934 1986
163 208
217 210
1391 1437
-1173 12
1512 1553
1584 1626
-963 4
510 568
1014 1085
1011 1073
-536 39
1305 1372
1308 1366
811 880
158 228
-1837 11
1387 1453
-410 32
1725 1780
489 485
1837 1830
794 842
1680 1724
1930 1993
19 92
1860 1905
1395 1472
1834 1830
-1933 37
-167 23
1999 2064
451 506
-1829 4
712 784
1200 1272
1670 1740
1792 1839
1872 1931
1121 1178
1329 1373
56 133
19 87
236 286
966 1019
819 878
1584 1655
1822 1865
5 68
1493 1538
1418 1483
1152 1194
1532 1604
185 177
663 708
161 208
-78 -84
847 910
1275 1348
1698 1771
986 1046
1269 1328
641 695
714 772
1081 1081
1769 1760
73 118
1031 1026
508 569
440 439
1072 1142
-976 30
1195 1243
1370 1427
1285 1362
48 96
1918 1970
963 1031
1775 1828
958 1024
-678 19
1763 1821
321 316
-1311 28
856 905
924 974
-1897 5
1268 1340
969 1030
1784 1857
1280 1332
1925 1973
-1497 7
923 992
478 524
913 977
1661 1737
1836 1897
542 614
609 652
224 282
1983 2049
1805 1881
1018 1010
-1149 19
1552 1622
-693 6
1297 1359
792 852
1043 1110
87 153
136 183
287 354
764 836
897 955
999 1061
869 939
115 158
1397 1461
968 1025
1883 1951
1401 1476
1572 1640
469 522
1062 1059
332 331
1368 1417
-416 29
1856 1898
201 266
493 547
205 269
1170 1215
648 703
1493 1538
656 728
-256 10
398 465
444 511
74 147
1402 1470
97 172
773 826
738 787
1510 1574
459 533
797 839
-1249 20
1887 1932
290 339
1505 1549
1165 1208
725 769
461 529
1453 1512
580 573
1113 1160
1434 1433
1039 1102
462 504
327 403
1503 1568
1403 1449
978 1055
218 288
309 375
327 322
465 532
-1084 12
54 112
1244 1312
1575 1641
652 723
431 504
836 908
1553 1550
578 639
-1961 27
1341 1392
1703 1746
784 825
-142 30
408 475
1439 1508
472 537
-857 30
1857 1905
1320 1375
1973 2020
849 906
1892 1945
381 433
1604 1662
1775 1839
376 372
122 196
1196 1273
812 874
1679 1756
1289 1359
719 790
358 423
145 136
762 803
231 298
1206 1274
134 202
1978 2021
1539 1590
1227 1276
-773 11
1081 1148
442 497
1212 1204
1581 1646
497 538
971 1042
1525 1589
1489 1534
202 275
144 220
219 270
1686 1756
-282 15
-295 18
1181 1229
1446 1491
458 529
150 199
1706 1780
604 666
939 981
1251 1300
882 948
1995 2039
185 257
-1476 24
310 352
1815 1888
-210 38
797 871
-924 -930
97 162
1133 1127
353 348
-597 10
696 764
58 51
1866 1925
1954 2016
955 1009
1724 1780
101 169
1895 1939
1906 1969
1958 2009
-1161 12
1260 1307
1974 2039
999 1040
617 662
1520 1595
526 571
539 615
717 779
376 417
1760 1829
182 179
956 997
1685 1759
1966 2017
416 488
1978 2024
839 830
433 432
-615 20
1642 1702
-1991 39
-101 36
72 145
502 553
992 1067
1840 1887
616 661
1147 1216
1417 1411
1905 1947
1349 1397
1693 1749
1190 1248
847 920
909 977
250 307
855 909
1399 1464
1993 2068
596 656
506 572
999 1050
1888 1950
615 664
436 504
-931 11
1262 1312
691 737
-1703 8
444 505
586 636
1428 1473
661 708
855 849
182 251
1028 1083
583 650
900 956
376 425
1279 1353
1403 1460
-1604 39
298 289
-1144 -1153
1393 1449
-634 29
-565 33
276 319
1970 2024
1837 1888
-669 20
781 829
1011 1052
473 550
1069 1144
6 83
1486 1558
1749 1742
-779 38
1763 1821
1189 1245
-585 24
-62 29
405 452
639 712
1490 1485
1337 1389
1249 1243
1015 1085
1774 1844
998 1045
619 693
1393 1452
512 574
842 896
1727 1798
1966 2030
-1531 30
1847 1902
357 420
1508 1567
1884 1937
1456 1503
466 536
1096 1139
829 894
-174 16
343 384
582 630
-1305 40
1041 1118
268 329
1363 1437
1986 2058
581 646
1970 2041
513 582
-1238 -1241
1580 1644
783 856
1503 1576
-692 10
1493 1541
694 748
-1412 20
1137 1197
757 799
1860 1914
-680 25
824 868
933 927
933 983
715 781
369 363
335 383
294 352
1705 1759
401 455
702 763
1966 1962
1831 1877
868 867
437 510
518 594
-1725 6
774 840
812 803
1781 1825
1766 1825
1747 1821
1651 1717
1584 1648
50 101
283 353
270 323
1397 1460
1044 1088
307 360
1567 1628
474 540
-96 24
998 1040
808 865
926 979
449 524
671 745
257 312
449 514
1520 1569
468 533
1627 1679
886 963
818 879
1847 1892
-367 10
240 303
713 788
-788 21
694 749
201 201
767 767
1193 1254
517 567
-1822 40
482 554
1483 1558
1962 2033
1861 1920
980 1028
1031 1082
842 892
91 163
1477 1527
1187 1251
1699 1760
65 141
173 248
376 437
679 756
351 415
1917 1958
1475 1544
1782 1831
886 880
-1522 27
74 129
1499 1492
1250 1299
338 387
175 224
685 731
342 393
1998 2042
952 1013
469 466
596 658
1868 1917
286 282
25 74
-1573 40
289 340
512 569
898 956
1273 1350
956 1021
379 453
1986 1977
1983 2058
1227 1270
1703 1744
15 89
1300 1376
31 84
1678 1719
1658 1722
873 942
159 231
1006 1077
587 578
728 770
-845 32
1770 1827
1557 1627
951 1000
1717 1769
468 509
-1778 6
995 1062
1869 1928
597 665
1369 1426
328 384
821 877
886 947
25 91
1288 1364
1767 1839
770 761
168 241
-1957 -1957
287 364
1542 1605
1270 1330
-1958 34
212 270
1771 1841
866 929
72 132
-1056 17
527 569
383 443
1945 2018
-774 18
-684 7
623 675
1255 1304
430 498
820 872
430 472
530 586
453 448
386 429
87 133
1105 1099
1629 1702
15 91
486 538
-310 24
18 88
880 933
1781 1844
761 807
1781 1851
650 649
135 212
1065 1140
1383 1380
754 829
-446 40
239 299
1337 1392
689 766
380 444
287 329
1143 1207
925 977
1959 2031
1634 1681
1484 1554
698 694
1748 1809
434 484
1660 1709
1147 1212
1162 1212
901 975
1270 1324
1883 1930
803 864
388 430
1724 1782
1503 1563
1945 1987
1890 1959
495 547
325 393
-1451 8
1382 1425
811 881
428 480
839 836
1851 1921
1038 1080
1477 1532
1844 1913
-1324 4
1119 1176
444 491
1519 1596
-429 6
1867 1930
1106 1149
1830 1874
707 767
1444 1502
173 229
442 518
414 470
439 480
1051 1101
1892 1960
117 169
-1265 -1265
1336 1393
1252 1249
45 118
46 89
1830 1896
1897 1942
712 760
666 734
811 872
965 1034
1612 1665
1099 1091
1937 2002
1461 1532
1020 1012
1504 1577
1734 1733
333 402
994 1049
183 242
976 972
1609 1660
181 232
-40 31
1967 2009
377 434
1038 1110
1259 1315
-116 11
1639 1707
1183 1233
1365 1426
524 567
870 936
1535 1599
1316 1380
1879 1938
1165 1229
1196 1248
378 455
1691 1732
900 973
728 793
505 553
692 743
799 867
1928 1995
741 799
-354 22
417 471
1232 1299
255 308
1765 1807
431 506
900 966
735 732
-125 26
1090 1134
-570 20
791 837
482 478
68 125
-1443 17
1646 1705
1125 1191
1927 1990
1579 1623
1781 1823
1673 1719
1737 1789
783 848
1607 1671
856 912
1517 1571
1685 1755
1789 1847
-1675 34
263 255
1404 1455
360 426
86 86
-1642 14
1904 1957
70 117
1175 1243
1586 1642
1448 1507
-563 16
51 125
1221 1284
1535 1598
1539 1613
66 112
446 491
207 277
811 878
-764 9
334 334
122 191
466 462
776 771
1899 1974
1368 1413
1561 1617
-1705 20
1978 1971
572 647
663 723
-1339 29
1026 1072
1592 1651
-42 33
1346 1398
1052 1115
960 1006
1471 1526
1220 1266
565 626
1468 1520
849 917
736 730
1800 1865
245 242
170 232
1777 1846
1823 1878
533 525
174 225
561 628
226 273
637 683
217 280
1834 1880
1911 1966
791 847
45 86
565 630
39 106
1799 1843
1820 1897
694 766
16 59
634 631
1053 1114
-1718 29
1836 1878
1029 1074
1173 1250
1714 1783
362 425
783 835
1270 1315
1894 1936
890 966
1566 1563
1420 1415
1539 1601
196 247
-408 28
1089 1130
1540 1606
1935 1988
836 912
25 70
872 947
193 236
-1932 22
164 209
400 466
479 539
1164 1156
-1616 26
1163 1158
1089 1140
-1004 -1009
896 940
772 842
1182 1252
1627 1623
1345 1390
1897 1960
58 113
1942 2001
742 791
-1444 20
962 1014
849 900
475 548
1383 1447
1354 1417
562 614
1538 1597
690 756
85 133
637 709
1056 1101
1100 1159
-322 30
1437 1512
1232 1299
25 99
1914 1988
703 702
205 265
1136 1210
73 126
202 262
1499 1490
352 413
1497 1563
-1393 39
557 630
245 307
-771 -774
1621 1690
-841 28
1818 1887
352 424
1925 1985
1629 1681
485 538
708 706
604 659
408 450
47 45
-1527 29
1924 1985
675 738
-1458 14
257 250
525 569
1935 1994
1082 1153
821 814
-1100 13
323 366
640 690
955 1005
826 872
743 810
1414 1488
830 874
-1877 29
1058 1128
1357 1424
557 614
69 144
1803 1846
829 895
1996 2050
650 716
-454 37
830 896
1870 1918
1644 1717
-1699 27
1432 1508
286 341
790 833
1807 1883
352 422
599 644
721 770
948 1023
1191 1240
1380 1422
1064 1118
1928 2003
116 158
1742 1801
1694 1765
412 462
728 720
198 275
-46 36
318 384
785 861
1716 1714
1901 1968
1437 1510
427 502
1029 1102
1382 1382
363 417
-604 38
618 691
1127 1173
316 377
1587 1636
1686 1741
433 474
814 861
1764 1835
536 592
1731 1782
891 959
268 314
1581 1625
35 109
326 387
678 736
1888 1880
1044 1093
180 251
718 778
329 393
242 301
598 658
-386 30
1396 1446
26 95
27 74
535 607
1834 1885
238 294
689 741
1116 1163
1730 1781
174 221
-59 24
1463 1536
1749 1825
948 1025
1027 1078
1882 1937
547 589
551 594
1446 1439
1368 1444
285 335
-381 16
1191 1248
300 296
1349 1419
1183 1247
963 1039
1643 1637
874 950
827 897
-1183 27
1877 1871
839 884
1078 1069
1865 1931
1328 1375
62 111
1783 1840
394 447
856 916
28 91
1115 1183
1704 1759
1239 1296
1227 1272
256 313
208 275
741 782
901 969
100 152
701 771
1147 1215
-895 32
1017 1063
1865 1939
1776 1846
1541 1615
-325 35
496 542
914 972
831 882
1441 1506
1941 1983
726 721
1793 1788
1819 1817
74 122
-1936 17
1059 1125
1664 1707
1764 1830
148 144
816 887
249 294
1343 1393
187 244
46 100
427 482
1790 1844
1636 1683
662 733
1972 2044
1818 1864
41 112
446 500
1856 1914
307 357
1253 1304
-1677 -1684
1796 1844
298 361
-1152 40
1357 1406
1715 1783
322 383
1782 1856
117 166
-965 23
482 525
959 1005
1047 1089
206 282
-525 35
-495 34
145 210
285 328
326 390
69 115
1443 1439
1468 1513
1731 1773
1346 1415
417 492
913 990
1248 1321
591 648
86 158
719 796
292 362
342 335
1399 1454
-80 32
1799 1844
1723 1800
-799 10
579 642
-817 21
-372 33
619 618
806 875
1076 1134
1273 1342
19 96
550 625
-13 -21
1393 1459
1221 1213
-1614 7
451 510
869 861
1082 1125
320 396
1831 1878
759 754
153 203
380 435
757 751
239 305
704 758
514 561
377 454
799 860
1800 1844
1848 1889
1970 1963
186 185
464 528
604 668
-704 -705
1705 1704
750 801
1738 1815
115 157
721 779
1578 1635
371 447
871 924
1936 2009
1026 1086
511 588
50 126
997 1055
509 570
1465 1522
640 706
-1507 9
-1028 4
418 461
1144 1204
1707 1769
861 928
1998 1994
944 1004
1184 1246
1198 1242
829 904
1742 1792
1508 1569
1347 1393
1617 1690
993 990
1426 1476
771 844
1968 2038
-220 38
1652 1725
433 477
287 362
146 207
-821 32
1430 1498
1821 1869
1260 1306
776 852
100 144
1939 1982
2 48
745 806
-952 6
1870 1929
860 937
1304 1360
1068 1068
1995 2063
510 564
1886 1958
1234 1233
1578 1622
869 939
1222 1271
-427 8
920 968
530 530
503 554
1095 1136
116 165
853 912
651 651
1629 1702
939 985
1759 1816
1378 1445
-1199 36
-1102 38
-1244 -1253
1701 1758
798 874
1379 1454
1535 1593
295 365
-148 40
1181 1247
95 170
-1709 -1712
995 993
625 687
550 615
325 390
18 75
476 539
948 1023
-17 -26
558 599
890 935
1066 1143
696 747
378 374
1766 1765
-1692 40
977 1052
794 867
1662 1707
1174 1241
220 269
233 292
594 656
-8 32
1165 1216
1734 1810
1696 1773
1849 1925
1781 1850
345 344
427 472
912 970
1564 1609
-1497 -1505
556 603
1152 1223
166 165
-1932 30
1484 1538
778 854
948 1014
20 88
1660 1709
1658 1710
-1864 26
1005 998
1241 1306
1889 1961
168 236
381 453
407 479
910 962
1234 1285
-547 33
1634 1696
1707 1754
790 845
105 162
-1494 40
1181 1229
917 980
581 641
336 386
1305 1347
949 991
1575 1644
-1419 26
1688 1758
21 70
1809 1874
1732 1782
257 303
1231 1280
99 162
709 751
1585 1655
1906 1956
860 927
1344 1403
-975 13
1273 1336
660 735
703 752
1203 1200
-1159 40
1390 1460
1151 1216
54 123
1747 1806
1562 1619
91 159
1986 2041
1469 1466
-31 12
1180 1222
99 174
1408 1453
454 525
-90 16
786 855
1121 1194
421 497
1127 1190
677 751
1590 1644
1237 1286
1032 1096
-448 -457
-258 29
558 609
1576 1571
488 565
1445 1500
1480 1538
1742 1791
472 537
1843 1891
763 814
232 293
338 391
55 102
1139 1188
825 816
1669 1727
707 704
593 637
1841 1898
1615 1691
1074 1126
104 173
536 607
1549 1601
589 646
1504 1572
154 231
139 214
1520 1594
-506 27
1841 1887
900 968
1707 1769
1874 1874
1828 1898
-412 38
867 922
554 609
466 517
991 1051
577 645
676 724
1301 1371
-536 32
365 410
1625 1688
294 356
1241 1233
950 1025
1397 1455
-1070 30
1214 1283
927 990
-1775 24
1210 1277
-1063 38
465 540
1407 1467
631 696
1865 1913
156 215
260 333
-815 14
1435 1493
991 1050
224 284
1904 1900
1453 1520
305 375
1462 1503
641 712
582 632
1826 1877
576 644
-1775 27
1290 1338
1114 1160
-1189 33
-985 -989
741 805
1428 1499
1847 1891
1425 1486
1230 1307
350 343
-972 16
606 671
182 235
1317 1385
1080 1129
64 116
371 442
1263 1324
-1911 -1917
1559 1612
-1337 23
1211 1259
160 223
87 128
-1578 13
1018 1067
817 860
27 76
-1331 13
773 830
293 355
183 255
1052 1113
936 993
1676 1749
1453 1502
1886 1960
1060 1120
1518 1567
324 374
257 300
473 466
485 547
1977 2050
-260 36
1454 1508
812 811
-1334 40
1404 1463
503 546
391 443
293 364
1311 1385
1699 1750
1198 1247
308 370
897 939
732 784
1513 1559
492 553
1861 1905
1160 1235
-1842 17
151 219
1400 1454
1050 1103
1814 1860
-91 39
-1305 29
749 798
1714 1761
1442 1494
1701 1777
738 796
750 797
831 879
-435 35
877 944
1960 2002
-292 8
849 842
1820 1872
1461 1505
-1112 33
243 295
1696 1747
1808 1885
444 514
765 813
1276 1347
426 469
1939 2008
-1820 33
827 894
1795 1846
130 192
-743 20
1920 1987
1390 1386
1304 1355
1124 1179
1226 1289
171 226
529 587
1956 2018
113 180
491 536
1983 2057
-1794 7
1483 1559
375 433
761 828
479 555
1059 1103
324 384
1104 1164
1163 1218
862 938
1730 1792
1671 1745
544 597
1531 1575
286 334
1831 1890
-1635 -1642
996 1071
934 980
843 887
1165 1156
612 606
66 108
1747 1818
456 512
650 714
645 690
246 321
1861 1935
655 702
1208 1284
1224 1296
401 473
1263 1313
1884 1938
309 372
637 687
198 258
246 299
1203 1272
263 258
630 698
967 1015
-1500 28
1744 1812
1238 1292
1274 1325
1145 1206
720 767
1583 1632
1825 1872
705 701
1083 1157
1135 1198
1976 2036
1432 1480
833 889
1 59
-1800 17
78 125
1566 1622
1900 1953
647 717
655 651
1765 1806
-604 38
1923 1968
997 1070
1854 1899
620 691
18 71
1372 1371
865 920
598 660
1541 1584
1879 1946
1948 1998
-1063 30
-1744 21
246 290
1662 1710
-280 27
1617 1674
376 424
1933 1978
881 952
19 92
728 794
-1474 20
1064 1105
669 724
1546 1623
1214 1290
1704 1757
1692 1734
918 974
8 80
885 934
-1821 35
1337 1397
883 947
391 453
-1791 -1799
722 798
304 349
-1317 21
41 111
526 568
-251 8
259 300
1293 1367
1334 1329
436 478
1033 1094
1415 1459
1994 2058
1443 1437
521 578
1190 1267
322 398
1165 1237
1028 1080
27 72
639 697
1208 1206
1754 1820
252 302
1303 1344
1993 2041
1109 1182
1577 1619
951 1026
1515 1512
1335 1388
1170 1238
598 659
915 991
671 733
413 458
1381 1422
1581 1649
717 758
1184 1258
1795 1837
1803 1873
195 244
1085 1149
601 644
1828 1901
659 700
-1150 38
-1350 22
368 412
344 418
1656 1718
823 893
331 392
-1424 32
-1742 29
984 1035
1079 1127
797 845
148 196
1886 1879
227 297
1098 1143
1730 1794
1752 1825
978 1045
1428 1475
757 832
1975 2025
656 714
1621 1697
1981 2041
86 138
1630 1688
1701 1751
1216 1289
619 692
366 436
1448 1441
59 129
1339 1334
1211 1253
1858 1910
1012 1059
1384 1441
1298 1360
-609 16
1541 1586
428 425
1923 1968
1336 1382
1353 1403
1949 1942
-1 -1
