1 1 1 1 1 1 1 1 1 1 1 1 1 1 1 1 1 1 1 1 1 1 1 1 1 1 1 1 1 1 1 1 1 1 1 1 1 1 1 1 1 1 1 1 1 1 1 1 1 1 1 1 1 1 1 1 1 1 1 1 1 1 1 1 1 1 1 1 1 1 1 1 1 1 1 1 1 1 1 1 1 1 1 1 1 1 1 1 1 1 1 1 1 1 1 1 1 1 1 1 1 1 1 1 1 1 1 1 1 1 1 1 1 1 1 1 1 1 1 1 1 1 1 1 1 1 1 1 1 1 1 1 1 1 1 1 1 1 1 1 1 1 1 1 1 1 1 1 1 1 1 1 1 1 1 1 1 1 1 1 1 1 1 1 1 1 1 1 1 1 1 1 1 1 1 1 1 1 1 1 1 1 1 
147 227 7 147 143 431 147 47 7 455 147 147 3 287 35 383 147 35 267 47 3 31 71 23 63 255 143 147 287 147 147 303 11 147 23 7 3 31 63 227 363 35 147 267 147 63 63 95 147 3 147 147 431 227 147 147 107 31 11 15 147 287 227 147 35 95 147 227 411 31 147 267 147 3 147 
0 3 1
0 7 1
0 11 1
0 15 1
0 23 1
1 6 1
1 10 1
1 22 1
2 13 1
2 21 1
3 20 1
4 7 1
5 18 1
5 22 1
9 2 1
10 5 1
10 17 1
11 12 1
12 3 1
14 13 1
15 8 1
16 11 1
17 6 1
18 5 1
